1.,0.,0.,0.,0.,1.,0.,0.,0.,0.,1.,0.,0.,0.,0.,1.,0.,0.,0.,0.,0.,1.,0.,1.,0.,0.,0.,1.17620635169403,
1.,0.,0.,0.,0.,1.,0.,0.,0.,0.,1.,0.,0.,0.,0.,1.,0.,0.,0.,0.,0.,1.,0.,0.,1.,0.,0.,-6.2848347779784,
1.,0.,0.,0.,0.,1.,0.,0.,0.,0.,1.,0.,0.,0.,0.,1.,0.,0.,0.,0.,0.,1.,0.,0.,0.,1.,0.,31.3720375269035,
1.,0.,0.,0.,0.,1.,0.,0.,0.,0.,1.,0.,0.,0.,0.,1.,0.,0.,0.,0.,0.,0.,1.,1.,0.,0.,0.,-1.6030915896540,
1.,0.,0.,0.,0.,1.,0.,0.,0.,0.,1.,0.,0.,0.,0.,1.,0.,0.,0.,0.,0.,0.,1.,0.,1.,0.,0.,-8.4595786452004,
1.,0.,0.,0.,0.,1.,0.,0.,0.,0.,1.,0.,0.,0.,0.,0.,0.,1.,0.,0.,1.,0.,0.,1.,0.,0.,0.,-7.0630666368712,
1.,0.,0.,0.,0.,1.,0.,0.,0.,0.,1.,0.,0.,0.,0.,0.,0.,0.,1.,0.,0.,1.,0.,1.,0.,0.,0.,-0.8208529974385,
1.,0.,0.,0.,0.,1.,0.,0.,0.,0.,1.,0.,0.,0.,0.,0.,0.,0.,0.,1.,1.,0.,0.,0.,0.,1.,0.,58.7149962815316,
1.,0.,0.,0.,0.,1.,0.,0.,0.,0.,1.,0.,0.,0.,0.,0.,0.,0.,0.,1.,0.,1.,0.,1.,0.,0.,0.,-5.0425175965677,
1.,0.,0.,0.,0.,1.,0.,0.,0.,0.,0.,0.,1.,0.,0.,1.,0.,0.,0.,0.,1.,0.,0.,1.,0.,0.,0.,-7.0630668903762,
1.,0.,0.,0.,0.,1.,0.,0.,0.,0.,0.,0.,1.,0.,0.,1.,0.,0.,0.,0.,0.,0.,1.,0.,1.,0.,0.,-6.0914919402202,
1.,0.,0.,0.,0.,1.,0.,0.,0.,0.,0.,0.,1.,0.,0.,0.,0.,0.,0.,1.,0.,0.,1.,1.,0.,0.,0.,-15.543306792623,
1.,0.,0.,0.,0.,1.,0.,0.,0.,0.,0.,0.,0.,1.,0.,1.,0.,0.,0.,0.,0.,1.,0.,0.,1.,0.,0.,-6.5679686284286,
1.,0.,0.,0.,0.,1.,0.,0.,0.,0.,0.,0.,0.,1.,0.,1.,0.,0.,0.,0.,0.,0.,1.,0.,0.,0.,1.,26.4404937403598,
1.,0.,0.,0.,0.,1.,0.,0.,0.,0.,0.,0.,0.,1.,0.,0.,0.,1.,0.,0.,1.,0.,0.,1.,0.,0.,0.,-8.1474926053647,
1.,0.,0.,0.,0.,1.,0.,0.,0.,0.,0.,0.,0.,1.,0.,0.,0.,0.,1.,0.,1.,0.,0.,1.,0.,0.,0.,4.28608360945701,
1.,0.,0.,0.,0.,1.,0.,0.,0.,0.,0.,0.,0.,1.,0.,0.,0.,0.,1.,0.,1.,0.,0.,0.,0.,0.,1.,71.1079189556749,
1.,0.,0.,0.,0.,1.,0.,0.,0.,0.,0.,0.,0.,1.,0.,0.,0.,0.,1.,0.,0.,0.,1.,1.,0.,0.,0.,-5.7345777219888,
1.,0.,0.,0.,0.,1.,0.,0.,0.,0.,0.,0.,0.,1.,0.,0.,0.,0.,1.,0.,0.,0.,1.,0.,1.,0.,0.,-9.4795554032810,
1.,0.,0.,0.,0.,1.,0.,0.,0.,0.,0.,0.,0.,1.,0.,0.,0.,0.,0.,1.,1.,0.,0.,1.,0.,0.,0.,0.18992245060572,
1.,0.,0.,0.,0.,1.,0.,0.,0.,0.,0.,0.,0.,1.,0.,0.,0.,0.,0.,1.,1.,0.,0.,0.,0.,1.,0.,56.1909158311568,
1.,0.,0.,0.,0.,1.,0.,0.,0.,0.,0.,0.,0.,1.,0.,0.,0.,0.,0.,1.,0.,1.,0.,0.,1.,0.,0.,-10.079962960691,
1.,0.,0.,0.,0.,1.,0.,0.,0.,0.,0.,0.,0.,1.,0.,0.,0.,0.,0.,1.,0.,1.,0.,0.,0.,0.,1.,25.9867550467479,
1.,0.,0.,0.,0.,1.,0.,0.,0.,0.,0.,0.,0.,1.,0.,0.,0.,0.,0.,1.,0.,0.,1.,1.,0.,0.,0.,-9.4613186510736,
1.,0.,0.,0.,0.,1.,0.,0.,0.,0.,0.,0.,0.,0.,1.,1.,0.,0.,0.,0.,1.,0.,0.,1.,0.,0.,0.,0.70320553808401,
1.,0.,0.,0.,0.,1.,0.,0.,0.,0.,0.,0.,0.,0.,1.,1.,0.,0.,0.,0.,1.,0.,0.,0.,0.,1.,0.,58.7184625345341,
1.,0.,0.,0.,0.,1.,0.,0.,0.,0.,0.,0.,0.,0.,1.,1.,0.,0.,0.,0.,0.,1.,0.,1.,0.,0.,0.,-5.1398631869792,
1.,0.,0.,0.,0.,1.,0.,0.,0.,0.,0.,0.,0.,0.,1.,1.,0.,0.,0.,0.,0.,1.,0.,0.,1.,0.,0.,-9.8715510578757,
1.,0.,0.,0.,0.,1.,0.,0.,0.,0.,0.,0.,0.,0.,1.,1.,0.,0.,0.,0.,0.,1.,0.,0.,0.,0.,1.,29.3727243112706,
1.,0.,0.,0.,0.,1.,0.,0.,0.,0.,0.,0.,0.,0.,1.,1.,0.,0.,0.,0.,0.,0.,1.,1.,0.,0.,0.,-7.6982951315926,
1.,0.,0.,0.,0.,1.,0.,0.,0.,0.,0.,0.,0.,0.,1.,0.,1.,0.,0.,0.,0.,1.,0.,0.,1.,0.,0.,-20.575379223758,
1.,0.,0.,0.,0.,1.,0.,0.,0.,0.,0.,0.,0.,0.,1.,0.,0.,1.,0.,0.,0.,0.,1.,0.,1.,0.,0.,-18.411378956771,
1.,0.,0.,0.,0.,1.,0.,0.,0.,0.,0.,0.,0.,0.,1.,0.,0.,0.,1.,0.,0.,1.,0.,0.,0.,0.,1.,25.9860881407170,
1.,0.,0.,0.,0.,1.,0.,0.,0.,0.,0.,0.,0.,0.,1.,0.,0.,0.,1.,0.,0.,0.,1.,1.,0.,0.,0.,-9.4597395380934,
1.,0.,0.,0.,0.,1.,0.,0.,0.,0.,0.,0.,0.,0.,1.,0.,0.,0.,1.,0.,0.,0.,1.,0.,1.,0.,0.,-13.491188255104,
1.,0.,0.,0.,0.,1.,0.,0.,0.,0.,0.,0.,0.,0.,1.,0.,0.,0.,0.,1.,0.,1.,0.,1.,0.,0.,0.,-11.850946186645,
1.,0.,0.,0.,0.,1.,0.,0.,0.,0.,0.,0.,0.,0.,1.,0.,0.,0.,0.,1.,0.,1.,0.,0.,0.,1.,0.,21.1364971484463,
1.,0.,0.,0.,0.,1.,0.,0.,0.,0.,0.,0.,0.,0.,1.,0.,0.,0.,0.,1.,0.,1.,0.,0.,0.,0.,1.,23.4183788294064,
1.,0.,0.,0.,0.,1.,0.,0.,0.,0.,0.,0.,0.,0.,1.,0.,0.,0.,0.,1.,0.,0.,1.,1.,0.,0.,0.,-12.744741819729,
1.,0.,0.,0.,0.,1.,0.,0.,0.,0.,0.,0.,0.,0.,1.,0.,0.,0.,0.,1.,0.,0.,1.,0.,1.,0.,0.,-15.103870481595,
1.,0.,0.,0.,0.,1.,0.,0.,0.,0.,0.,0.,0.,0.,1.,0.,0.,0.,0.,1.,0.,0.,1.,0.,0.,1.,0.,15.7689249724818,
1.,0.,0.,0.,0.,1.,0.,0.,0.,0.,0.,0.,0.,0.,1.,0.,0.,0.,0.,1.,0.,0.,1.,0.,0.,0.,1.,18.6875157436647,
1.,0.,0.,0.,0.,0.,1.,0.,0.,0.,1.,0.,0.,0.,0.,1.,0.,0.,0.,0.,0.,0.,1.,1.,0.,0.,0.,-10.307844811525,
1.,0.,0.,0.,0.,0.,1.,0.,0.,0.,1.,0.,0.,0.,0.,1.,0.,0.,0.,0.,0.,0.,1.,0.,1.,0.,0.,-14.722487299216,
1.,0.,0.,0.,0.,0.,1.,0.,0.,0.,1.,0.,0.,0.,0.,1.,0.,0.,0.,0.,0.,0.,1.,0.,0.,1.,0.,15.9189586075406,
1.,0.,0.,0.,0.,0.,1.,0.,0.,0.,1.,0.,0.,0.,0.,0.,0.,0.,1.,0.,1.,0.,0.,1.,0.,0.,0.,-4.4793928529031,
1.,0.,0.,0.,0.,0.,1.,0.,0.,0.,1.,0.,0.,0.,0.,0.,0.,0.,0.,1.,1.,0.,0.,1.,0.,0.,0.,-8.9784275803045,
1.,0.,0.,0.,0.,0.,1.,0.,0.,0.,1.,0.,0.,0.,0.,0.,0.,0.,0.,1.,1.,0.,0.,0.,0.,0.,1.,54.9198049550730,
1.,0.,0.,0.,0.,0.,1.,0.,0.,0.,1.,0.,0.,0.,0.,0.,0.,0.,0.,1.,0.,1.,0.,0.,1.,0.,0.,-14.329139748849,
1.,0.,0.,0.,0.,0.,1.,0.,0.,0.,1.,0.,0.,0.,0.,0.,0.,0.,0.,1.,0.,1.,0.,0.,0.,0.,1.,23.4267143870371,
1.,0.,0.,0.,0.,0.,1.,0.,0.,0.,1.,0.,0.,0.,0.,0.,0.,0.,0.,1.,0.,0.,1.,1.,0.,0.,0.,-16.784805031870,
1.,0.,0.,0.,0.,0.,1.,0.,0.,0.,1.,0.,0.,0.,0.,0.,0.,0.,0.,1.,0.,0.,1.,0.,1.,0.,0.,-17.411222225825,
1.,0.,0.,0.,0.,0.,1.,0.,0.,0.,1.,0.,0.,0.,0.,0.,0.,0.,0.,1.,0.,0.,1.,0.,0.,1.,0.,11.5513621450687,
1.,0.,0.,0.,0.,0.,1.,0.,0.,0.,1.,0.,0.,0.,0.,0.,0.,0.,0.,1.,0.,0.,1.,0.,0.,0.,1.,14.4717727541484,
1.,0.,0.,0.,0.,0.,1.,0.,0.,0.,0.,0.,0.,1.,0.,1.,0.,0.,0.,0.,1.,0.,0.,1.,0.,0.,0.,-3.3453796573891,
1.,0.,0.,0.,0.,0.,1.,0.,0.,0.,0.,0.,0.,1.,0.,1.,0.,0.,0.,0.,0.,1.,0.,0.,1.,0.,0.,-10.188531522552,
1.,0.,0.,0.,0.,0.,1.,0.,0.,0.,0.,0.,0.,1.,0.,0.,0.,0.,1.,0.,0.,0.,1.,0.,1.,0.,0.,-12.163516541594,
1.,0.,0.,0.,0.,0.,1.,0.,0.,0.,0.,0.,0.,1.,0.,0.,0.,0.,1.,0.,0.,0.,1.,0.,0.,1.,0.,12.5325225876977,
1.,0.,0.,0.,0.,0.,1.,0.,0.,0.,0.,0.,0.,1.,0.,0.,0.,0.,0.,1.,0.,1.,0.,1.,0.,0.,0.,-10.942797562725,
1.,0.,0.,0.,0.,0.,1.,0.,0.,0.,0.,0.,0.,1.,0.,0.,0.,0.,0.,1.,0.,1.,0.,0.,0.,1.,0.,20.7085733841579,
1.,0.,0.,0.,0.,0.,1.,0.,0.,0.,0.,0.,0.,0.,1.,1.,0.,0.,0.,0.,1.,0.,0.,1.,0.,0.,0.,-8.6739496814291,
1.,0.,0.,0.,0.,0.,1.,0.,0.,0.,0.,0.,0.,0.,1.,1.,0.,0.,0.,0.,0.,1.,0.,1.,0.,0.,0.,-8.0469926853430,
1.,0.,0.,0.,0.,0.,1.,0.,0.,0.,0.,0.,0.,0.,1.,1.,0.,0.,0.,0.,0.,1.,0.,0.,0.,1.,0.,21.7194369998869,
1.,0.,0.,0.,0.,0.,1.,0.,0.,0.,0.,0.,0.,0.,1.,1.,0.,0.,0.,0.,0.,1.,0.,0.,0.,0.,1.,25.3089225520142,
1.,0.,0.,0.,0.,0.,1.,0.,0.,0.,0.,0.,0.,0.,1.,1.,0.,0.,0.,0.,0.,0.,1.,1.,0.,0.,0.,-12.471156349867,
1.,0.,0.,0.,0.,0.,1.,0.,0.,0.,0.,0.,0.,0.,1.,1.,0.,0.,0.,0.,0.,0.,1.,0.,1.,0.,0.,-12.240112697536,
1.,0.,0.,0.,0.,0.,1.,0.,0.,0.,0.,0.,0.,0.,1.,0.,0.,0.,1.,0.,0.,1.,0.,0.,0.,1.,0.,15.3247429335573,
1.,0.,0.,0.,0.,0.,1.,0.,0.,0.,0.,0.,0.,0.,1.,0.,0.,0.,1.,0.,0.,0.,1.,0.,1.,0.,0.,-13.806317017305,
1.,0.,0.,0.,0.,0.,1.,0.,0.,0.,0.,0.,0.,0.,1.,0.,0.,0.,1.,0.,0.,0.,1.,0.,0.,1.,0.,8.64334771135368,
1.,0.,0.,0.,0.,0.,1.,0.,0.,0.,0.,0.,0.,0.,1.,0.,0.,0.,0.,1.,1.,0.,0.,1.,0.,0.,0.,-11.361378056195,
1.,0.,0.,0.,0.,0.,1.,0.,0.,0.,0.,0.,0.,0.,1.,0.,0.,0.,0.,1.,0.,0.,1.,1.,0.,0.,0.,-23.315898185260,
1.,0.,0.,0.,0.,0.,1.,0.,0.,0.,0.,0.,0.,0.,1.,0.,0.,0.,0.,1.,0.,0.,1.,0.,1.,0.,0.,-18.107548808946,
1.,0.,0.,0.,0.,0.,1.,0.,0.,0.,0.,0.,0.,0.,1.,0.,0.,0.,0.,1.,0.,0.,1.,0.,0.,1.,0.,6.47079599895632,
1.,0.,0.,0.,0.,0.,0.,1.,0.,0.,1.,0.,0.,0.,0.,1.,0.,0.,0.,0.,0.,1.,0.,1.,0.,0.,0.,-3.9258476598435,
1.,0.,0.,0.,0.,0.,0.,1.,0.,0.,1.,0.,0.,0.,0.,1.,0.,0.,0.,0.,0.,0.,1.,0.,0.,1.,0.,18.7246000532875,
1.,0.,0.,0.,0.,0.,0.,1.,0.,0.,1.,0.,0.,0.,0.,0.,0.,1.,0.,0.,1.,0.,0.,1.,0.,0.,0.,-9.7295209110976,
1.,0.,0.,0.,0.,0.,0.,1.,0.,0.,1.,0.,0.,0.,0.,0.,0.,0.,1.,0.,1.,0.,0.,1.,0.,0.,0.,-2.2778593874905,
1.,0.,0.,0.,0.,0.,0.,1.,0.,0.,1.,0.,0.,0.,0.,0.,0.,0.,1.,0.,0.,1.,0.,0.,0.,1.,0.,20.7798845800751,
1.,0.,0.,0.,0.,0.,0.,1.,0.,0.,1.,0.,0.,0.,0.,0.,0.,0.,1.,0.,0.,0.,1.,1.,0.,0.,0.,-7.4552386105343,
1.,0.,0.,0.,0.,0.,0.,1.,0.,0.,1.,0.,0.,0.,0.,0.,0.,0.,1.,0.,0.,0.,1.,0.,1.,0.,0.,-12.379730347806,
1.,0.,0.,0.,0.,0.,0.,1.,0.,0.,1.,0.,0.,0.,0.,0.,0.,0.,0.,1.,1.,0.,0.,1.,0.,0.,0.,-7.1823620628588,
1.,0.,0.,0.,0.,0.,0.,1.,0.,0.,1.,0.,0.,0.,0.,0.,0.,0.,0.,1.,0.,1.,0.,1.,0.,0.,0.,-10.269966111518,
1.,0.,0.,0.,0.,0.,0.,1.,0.,0.,1.,0.,0.,0.,0.,0.,0.,0.,0.,1.,0.,1.,0.,0.,0.,0.,1.,22.2273192866654,
1.,0.,0.,0.,0.,0.,0.,1.,0.,0.,1.,0.,0.,0.,0.,0.,0.,0.,0.,1.,0.,0.,1.,1.,0.,0.,0.,-12.213369751000,
1.,0.,0.,0.,0.,0.,0.,1.,0.,0.,1.,0.,0.,0.,0.,0.,0.,0.,0.,1.,0.,0.,1.,0.,0.,0.,1.,17.0193821950985,
1.,0.,0.,0.,0.,0.,0.,1.,0.,0.,0.,0.,1.,0.,0.,1.,0.,0.,0.,0.,0.,0.,1.,1.,0.,0.,0.,-10.807457841334,
1.,0.,0.,0.,0.,0.,0.,1.,0.,0.,0.,0.,1.,0.,0.,0.,0.,1.,0.,0.,0.,1.,0.,1.,0.,0.,0.,-9.9192614437315,
1.,0.,0.,0.,0.,0.,0.,1.,0.,0.,0.,0.,1.,0.,0.,0.,0.,0.,0.,1.,0.,1.,0.,0.,1.,0.,0.,-18.590512929201,
1.,0.,0.,0.,0.,0.,0.,1.,0.,0.,0.,0.,0.,1.,0.,1.,0.,0.,0.,0.,0.,0.,1.,1.,0.,0.,0.,-7.0687935457912,
1.,0.,0.,0.,0.,0.,0.,1.,0.,0.,0.,0.,0.,1.,0.,1.,0.,0.,0.,0.,0.,0.,1.,0.,1.,0.,0.,-11.639473061558,
1.,0.,0.,0.,0.,0.,0.,1.,0.,0.,0.,0.,0.,1.,0.,0.,0.,1.,0.,0.,1.,0.,0.,1.,0.,0.,0.,-11.423416698942,
1.,0.,0.,0.,0.,0.,0.,1.,0.,0.,0.,0.,0.,1.,0.,0.,0.,0.,1.,0.,1.,0.,0.,1.,0.,0.,0.,-2.6084632358164,
1.,0.,0.,0.,0.,0.,0.,1.,0.,0.,0.,0.,0.,1.,0.,0.,0.,0.,1.,0.,0.,1.,0.,1.,0.,0.,0.,-6.8217205949077,
1.,0.,0.,0.,0.,0.,0.,1.,0.,0.,0.,0.,0.,1.,0.,0.,0.,0.,1.,0.,0.,1.,0.,0.,1.,0.,0.,-10.028805967879,
1.,0.,0.,0.,0.,0.,0.,1.,0.,0.,0.,0.,0.,1.,0.,0.,0.,0.,1.,0.,0.,1.,0.,0.,0.,1.,0.,17.965865762611)
1.,0.,0.,0.,0.,0.,0.,1.,0.,0.,0.,0.,0.,1.,0.,0.,0.,0.,1.,0.,0.,0.,1.,0.,1.,0.,0.,-12.427075122648,
1.,0.,0.,0.,0.,0.,0.,1.,0.,0.,0.,0.,0.,1.,0.,0.,0.,0.,0.,1.,1.,0.,0.,1.,0.,0.,0.,-5.4348738582440,
1.,0.,0.,0.,0.,0.,0.,1.,0.,0.,0.,0.,0.,1.,0.,0.,0.,0.,0.,1.,0.,1.,0.,1.,0.,0.,0.,-10.006783534432,
1.,0.,0.,0.,0.,0.,0.,1.,0.,0.,0.,0.,0.,1.,0.,0.,0.,0.,0.,1.,0.,1.,0.,0.,0.,0.,1.,20.1389759334212,
1.,0.,0.,0.,0.,0.,0.,1.,0.,0.,0.,0.,0.,0.,1.,1.,0.,0.,0.,0.,0.,1.,0.,0.,1.,0.,0.,-11.136292468575,
1.,0.,0.,0.,0.,0.,0.,1.,0.,0.,0.,0.,0.,0.,1.,1.,0.,0.,0.,0.,0.,1.,0.,0.,0.,1.,0.,19.7760122787939,
1.,0.,0.,0.,0.,0.,0.,1.,0.,0.,0.,0.,0.,0.,1.,1.,0.,0.,0.,0.,0.,1.,0.,0.,0.,0.,1.,22.5017324775174,
1.,0.,0.,0.,0.,0.,0.,1.,0.,0.,0.,0.,0.,0.,1.,1.,0.,0.,0.,0.,0.,0.,1.,0.,1.,0.,0.,-13.365150136370,
1.,0.,0.,0.,0.,0.,0.,1.,0.,0.,0.,0.,0.,0.,1.,1.,0.,0.,0.,0.,0.,0.,1.,0.,0.,1.,0.,14.5527425490610,
1.,0.,0.,0.,0.,0.,0.,1.,0.,0.,0.,0.,0.,0.,1.,0.,0.,0.,1.,0.,1.,0.,0.,1.,0.,0.,0.,-4.1654355828268,
1.,0.,0.,0.,0.,0.,0.,1.,0.,0.,0.,0.,0.,0.,1.,0.,0.,0.,1.,0.,0.,1.,0.,0.,0.,0.,1.,20.8649064797776,
1.,0.,0.,0.,0.,0.,0.,1.,0.,0.,0.,0.,0.,0.,1.,0.,0.,0.,1.,0.,0.,0.,1.,1.,0.,0.,0.,-9.7744560517870,
1.,0.,0.,0.,0.,0.,0.,1.,0.,0.,0.,0.,0.,0.,1.,0.,0.,0.,1.,0.,0.,0.,1.,0.,1.,0.,0.,-12.838377655402,
1.,0.,0.,0.,0.,0.,0.,1.,0.,0.,0.,0.,0.,0.,1.,0.,0.,0.,1.,0.,0.,0.,1.,0.,0.,1.,0.,12.1186305039279,
1.,0.,0.,0.,0.,0.,0.,1.,0.,0.,0.,0.,0.,0.,1.,0.,0.,0.,1.,0.,0.,0.,1.,0.,0.,0.,1.,14.5696268664545,
1.,0.,0.,0.,0.,0.,0.,1.,0.,0.,0.,0.,0.,0.,1.,0.,0.,0.,0.,1.,1.,0.,0.,1.,0.,0.,0.,-10.515908043181,
1.,0.,0.,0.,0.,0.,0.,1.,0.,0.,0.,0.,0.,0.,1.,0.,0.,0.,0.,1.,1.,0.,0.,0.,0.,0.,1.,45.3099885481778,
1.,0.,0.,0.,0.,0.,0.,1.,0.,0.,0.,0.,0.,0.,1.,0.,0.,0.,0.,1.,0.,0.,1.,1.,0.,0.,0.,-13.736704294649,
1.,0.,0.,0.,0.,0.,0.,1.,0.,0.,0.,0.,0.,0.,1.,0.,0.,0.,0.,1.,0.,0.,1.,0.,1.,0.,0.,-19.867372782905,
1.,0.,0.,0.,0.,0.,0.,1.,0.,0.,0.,0.,0.,0.,1.,0.,0.,0.,0.,1.,0.,0.,1.,0.,0.,0.,1.,9.47067672480499,
1.,0.,0.,0.,0.,0.,0.,0.,1.,0.,1.,0.,0.,0.,0.,1.,0.,0.,0.,0.,1.,0.,0.,1.,0.,0.,0.,11.9009421962851,
1.,0.,0.,0.,0.,0.,0.,0.,1.,0.,1.,0.,0.,0.,0.,1.,0.,0.,0.,0.,1.,0.,0.,0.,0.,1.,0.,72.2305660171377,
1.,0.,0.,0.,0.,0.,0.,0.,1.,0.,1.,0.,0.,0.,0.,1.,0.,0.,0.,0.,0.,1.,0.,1.,0.,0.,0.,6.01033172651935,
1.,0.,0.,0.,0.,0.,0.,0.,1.,0.,1.,0.,0.,0.,0.,1.,0.,0.,0.,0.,0.,1.,0.,0.,0.,1.,0.,35.9310176030271,
1.,0.,0.,0.,0.,0.,0.,0.,1.,0.,1.,0.,0.,0.,0.,0.,0.,1.,0.,0.,0.,1.,0.,1.,0.,0.,0.,-9.3085569332940,
1.,0.,0.,0.,0.,0.,0.,0.,1.,0.,1.,0.,0.,0.,0.,0.,0.,1.,0.,0.,0.,0.,1.,0.,1.,0.,0.,-16.159505921855,
1.,0.,0.,0.,0.,0.,0.,0.,1.,0.,1.,0.,0.,0.,0.,0.,0.,0.,1.,0.,0.,1.,0.,0.,1.,0.,0.,-9.3253927594364,
1.,0.,0.,0.,0.,0.,0.,0.,1.,0.,1.,0.,0.,0.,0.,0.,0.,0.,1.,0.,0.,0.,1.,1.,0.,0.,0.,-6.7410468727462,
1.,0.,0.,0.,0.,0.,0.,0.,1.,0.,1.,0.,0.,0.,0.,0.,0.,0.,1.,0.,0.,0.,1.,0.,1.,0.,0.,-12.744950806267,
1.,0.,0.,0.,0.,0.,0.,0.,1.,0.,1.,0.,0.,0.,0.,0.,0.,0.,1.,0.,0.,0.,1.,0.,0.,1.,0.,19.5958623483615,
1.,0.,0.,0.,0.,0.,0.,0.,1.,0.,1.,0.,0.,0.,0.,0.,0.,0.,0.,1.,1.,0.,0.,0.,0.,1.,0.,55.7342065285847,
1.,0.,0.,0.,0.,0.,0.,0.,1.,0.,1.,0.,0.,0.,0.,0.,0.,0.,0.,1.,0.,1.,0.,1.,0.,0.,0.,-6.7959503426681,
1.,0.,0.,0.,0.,0.,0.,0.,1.,0.,1.,0.,0.,0.,0.,0.,0.,0.,0.,1.,0.,1.,0.,0.,0.,1.,0.,24.0716152940456,
1.,0.,0.,0.,0.,0.,0.,0.,1.,0.,1.,0.,0.,0.,0.,0.,0.,0.,0.,1.,0.,0.,1.,1.,0.,0.,0.,-8.4671620303864,
1.,0.,0.,0.,0.,0.,0.,0.,1.,0.,1.,0.,0.,0.,0.,0.,0.,0.,0.,1.,0.,0.,1.,0.,1.,0.,0.,-12.702375632661,
1.,0.,0.,0.,0.,0.,0.,0.,1.,0.,0.,0.,1.,0.,0.,1.,0.,0.,0.,0.,0.,1.,0.,0.,1.,0.,0.,-16.047346199209,
1.,0.,0.,0.,0.,0.,0.,0.,1.,0.,0.,0.,0.,1.,0.,1.,0.,0.,0.,0.,0.,1.,0.,1.,0.,0.,0.,-2.9578170743925,
1.,0.,0.,0.,0.,0.,0.,0.,1.,0.,0.,0.,0.,1.,0.,1.,0.,0.,0.,0.,0.,1.,0.,0.,0.,1.,0.,26.8339086707552,
1.,0.,0.,0.,0.,0.,0.,0.,1.,0.,0.,0.,0.,1.,0.,1.,0.,0.,0.,0.,0.,0.,1.,1.,0.,0.,0.,-6.3815023615026,
1.,0.,0.,0.,0.,0.,0.,0.,1.,0.,0.,0.,0.,1.,0.,0.,0.,1.,0.,0.,1.,0.,0.,1.,0.,0.,0.,-8.5591321960268,
1.,0.,0.,0.,0.,0.,0.,0.,1.,0.,0.,0.,0.,1.,0.,0.,0.,1.,0.,0.,0.,1.,0.,0.,1.,0.,0.,-15.170887736051,
1.,0.,0.,0.,0.,0.,0.,0.,1.,0.,0.,0.,0.,1.,0.,0.,0.,0.,1.,0.,0.,1.,0.,1.,0.,0.,0.,-5.4318882143029,
1.,0.,0.,0.,0.,0.,0.,0.,1.,0.,0.,0.,0.,1.,0.,0.,0.,0.,1.,0.,0.,0.,1.,0.,1.,0.,0.,-13.597285756386,
1.,0.,0.,0.,0.,0.,0.,0.,1.,0.,0.,0.,0.,1.,0.,0.,0.,0.,0.,1.,1.,0.,0.,1.,0.,0.,0.,0.86397225636380,
1.,0.,0.,0.,0.,0.,0.,0.,1.,0.,0.,0.,0.,1.,0.,0.,0.,0.,0.,1.,0.,1.,0.,1.,0.,0.,0.,-6.4929310463922,
1.,0.,0.,0.,0.,0.,0.,0.,1.,0.,0.,0.,0.,1.,0.,0.,0.,0.,0.,1.,0.,1.,0.,0.,1.,0.,0.,-10.345686823689,
1.,0.,0.,0.,0.,0.,0.,0.,1.,0.,0.,0.,0.,1.,0.,0.,0.,0.,0.,1.,0.,1.,0.,0.,0.,1.,0.,21.7966386245564,
1.,0.,0.,0.,0.,0.,0.,0.,1.,0.,0.,0.,0.,0.,1.,1.,0.,0.,0.,0.,1.,0.,0.,0.,0.,1.,0.,57.0545104344328,
1.,0.,0.,0.,0.,0.,0.,0.,1.,0.,0.,0.,0.,0.,1.,1.,0.,0.,0.,0.,0.,1.,0.,0.,1.,0.,0.,-12.631847232745,
1.,0.,0.,0.,0.,0.,0.,0.,1.,0.,0.,0.,0.,0.,1.,1.,0.,0.,0.,0.,0.,1.,0.,0.,0.,1.,0.,24.4919098082611,
1.,0.,0.,0.,0.,0.,0.,0.,1.,0.,0.,0.,0.,0.,1.,1.,0.,0.,0.,0.,0.,1.,0.,0.,0.,0.,1.,27.6961930486675,
1.,0.,0.,0.,0.,0.,0.,0.,1.,0.,0.,0.,0.,0.,1.,1.,0.,0.,0.,0.,0.,0.,1.,1.,0.,0.,0.,-9.6108844889701,
1.,0.,0.,0.,0.,0.,0.,0.,1.,0.,0.,0.,0.,0.,1.,1.,0.,0.,0.,0.,0.,0.,1.,0.,1.,0.,0.,-13.376199593784,
1.,0.,0.,0.,0.,0.,0.,0.,1.,0.,0.,0.,0.,0.,1.,1.,0.,0.,0.,0.,0.,0.,1.,0.,0.,1.,0.,19.4240932230744,
1.,0.,0.,0.,0.,0.,0.,0.,1.,0.,0.,0.,0.,0.,1.,1.,0.,0.,0.,0.,0.,0.,1.,0.,0.,0.,1.,21.7091854421191,
1.,0.,0.,0.,0.,0.,0.,0.,1.,0.,0.,0.,0.,0.,1.,0.,0.,1.,0.,0.,0.,1.,0.,0.,1.,0.,0.,-19.207898297149,
1.,0.,0.,0.,0.,0.,0.,0.,1.,0.,0.,0.,0.,0.,1.,0.,0.,0.,1.,0.,0.,1.,0.,1.,0.,0.,0.,-10.048297649194,
1.,0.,0.,0.,0.,0.,0.,0.,1.,0.,0.,0.,0.,0.,1.,0.,0.,0.,1.,0.,0.,1.,0.,0.,0.,1.,0.,20.6965886933969,
1.,0.,0.,0.,0.,0.,0.,0.,1.,0.,0.,0.,0.,0.,1.,0.,0.,0.,1.,0.,0.,0.,1.,1.,0.,0.,0.,-13.249222406776,
1.,0.,0.,0.,0.,0.,0.,0.,1.,0.,0.,0.,0.,0.,1.,0.,0.,0.,1.,0.,0.,0.,1.,0.,0.,1.,0.,13.8682644062197,
1.,0.,0.,0.,0.,0.,0.,0.,1.,0.,0.,0.,0.,0.,1.,0.,0.,0.,1.,0.,0.,0.,1.,0.,0.,0.,1.,16.4835406333459,
1.,0.,0.,0.,0.,0.,0.,0.,1.,0.,0.,0.,0.,0.,1.,0.,0.,0.,0.,1.,0.,0.,1.,1.,0.,0.,0.,-19.244882970440,
1.,0.,0.,0.,0.,0.,0.,0.,0.,1.,1.,0.,0.,0.,0.,0.,1.,0.,0.,0.,1.,0.,0.,1.,0.,0.,0.,-26.439420468014,
1.,0.,0.,0.,0.,0.,0.,0.,0.,1.,1.,0.,0.,0.,0.,0.,0.,1.,0.,0.,1.,0.,0.,1.,0.,0.,0.,-14.682667969925,
1.,0.,0.,0.,0.,0.,0.,0.,0.,1.,1.,0.,0.,0.,0.,0.,0.,0.,1.,0.,0.,1.,0.,0.,1.,0.,0.,-18.035803667464,
1.,0.,0.,0.,0.,0.,0.,0.,0.,1.,1.,0.,0.,0.,0.,0.,0.,0.,0.,1.,1.,0.,0.,0.,0.,1.,0.,37.9850250454362,
1.,0.,0.,0.,0.,0.,0.,0.,0.,1.,1.,0.,0.,0.,0.,0.,0.,0.,0.,1.,0.,1.,0.,1.,0.,0.,0.,-14.035945761953,
1.,0.,0.,0.,0.,0.,0.,0.,0.,1.,1.,0.,0.,0.,0.,0.,0.,0.,0.,1.,0.,1.,0.,0.,1.,0.,0.,-19.813517859232,
1.,0.,0.,0.,0.,0.,0.,0.,0.,1.,1.,0.,0.,0.,0.,0.,0.,0.,0.,1.,0.,1.,0.,0.,0.,1.,0.,4.96615512725678,
1.,0.,0.,0.,0.,0.,0.,0.,0.,1.,1.,0.,0.,0.,0.,0.,0.,0.,0.,1.,0.,0.,1.,1.,0.,0.,0.,-12.742087389421,
1.,0.,0.,0.,0.,0.,0.,0.,0.,1.,1.,0.,0.,0.,0.,0.,0.,0.,0.,1.,0.,0.,1.,0.,0.,1.,0.,-1.4393241893133,
1.,0.,0.,0.,0.,0.,0.,0.,0.,1.,0.,1.,0.,0.,0.,1.,0.,0.,0.,0.,0.,0.,1.,0.,1.,0.,0.,-33.983299358379,
1.,0.,0.,0.,0.,0.,0.,0.,0.,1.,0.,1.,0.,0.,0.,0.,0.,0.,1.,0.,0.,1.,0.,0.,1.,0.,0.,-31.746647070525,
1.,0.,0.,0.,0.,0.,0.,0.,0.,1.,0.,0.,1.,0.,0.,1.,0.,0.,0.,0.,0.,0.,1.,1.,0.,0.,0.,-22.171099049332,
1.,0.,0.,0.,0.,0.,0.,0.,0.,1.,0.,0.,1.,0.,0.,1.,0.,0.,0.,0.,0.,0.,1.,0.,1.,0.,0.,-27.961033131657,
1.,0.,0.,0.,0.,0.,0.,0.,0.,1.,0.,0.,1.,0.,0.,0.,0.,0.,1.,0.,1.,0.,0.,1.,0.,0.,0.,-20.475790027038,
1.,0.,0.,0.,0.,0.,0.,0.,0.,1.,0.,0.,1.,0.,0.,0.,0.,0.,1.,0.,0.,1.,0.,1.,0.,0.,0.,-22.932237774902,
1.,0.,0.,0.,0.,0.,0.,0.,0.,1.,0.,0.,1.,0.,0.,0.,0.,0.,1.,0.,0.,0.,1.,1.,0.,0.,0.,-23.801168516814,
1.,0.,0.,0.,0.,0.,0.,0.,0.,1.,0.,0.,0.,1.,0.,0.,0.,1.,0.,0.,1.,0.,0.,1.,0.,0.,0.,-14.659835954558,
1.,0.,0.,0.,0.,0.,0.,0.,0.,1.,0.,0.,0.,1.,0.,0.,0.,1.,0.,0.,0.,1.,0.,1.,0.,0.,0.,-20.036091479305,
1.,0.,0.,0.,0.,0.,0.,0.,0.,1.,0.,0.,0.,1.,0.,0.,0.,1.,0.,0.,0.,0.,1.,0.,1.,0.,0.,-25.601777594178,
1.,0.,0.,0.,0.,0.,0.,0.,0.,1.,0.,0.,0.,1.,0.,0.,0.,0.,1.,0.,1.,0.,0.,1.,0.,0.,0.,-4.1648369085108,
1.,0.,0.,0.,0.,0.,0.,0.,0.,1.,0.,0.,0.,1.,0.,0.,0.,0.,1.,0.,0.,1.,0.,1.,0.,0.,0.,-13.771086331473,
1.,0.,0.,0.,0.,0.,0.,0.,0.,1.,0.,0.,0.,1.,0.,0.,0.,0.,1.,0.,0.,1.,0.,0.,1.,0.,0.,-18.550257888087,
1.,0.,0.,0.,0.,0.,0.,0.,0.,1.,0.,0.,0.,1.,0.,0.,0.,0.,1.,0.,0.,0.,1.,1.,0.,0.,0.,-18.082049754724,
1.,0.,0.,0.,0.,0.,0.,0.,0.,1.,0.,0.,0.,1.,0.,0.,0.,0.,1.,0.,0.,0.,1.,0.,1.,0.,0.,-23.094433062309,
1.,0.,0.,0.,0.,0.,0.,0.,0.,1.,0.,0.,0.,1.,0.,0.,0.,0.,0.,1.,1.,0.,0.,1.,0.,0.,0.,-4.9247414043827,
1.,0.,0.,0.,0.,0.,0.,0.,0.,1.,0.,0.,0.,1.,0.,0.,0.,0.,0.,1.,0.,1.,0.,1.,0.,0.,0.,-11.646244888220,
1.,0.,0.,0.,0.,0.,0.,0.,0.,1.,0.,0.,0.,1.,0.,0.,0.,0.,0.,1.,0.,1.,0.,0.,1.,0.,0.,-16.423568588842,
1.,0.,0.,0.,0.,0.,0.,0.,0.,1.,0.,0.,0.,1.,0.,0.,0.,0.,0.,1.,0.,0.,1.,1.,0.,0.,0.,-20.091983957871,
1.,0.,0.,0.,0.,0.,0.,0.,0.,1.,0.,0.,0.,1.,0.,0.,0.,0.,0.,1.,0.,0.,1.,0.,1.,0.,0.,-24.603269393269,
1.,0.,0.,0.,0.,0.,0.,0.,0.,1.,0.,0.,0.,0.,1.,1.,0.,0.,0.,0.,1.,0.,0.,1.,0.,0.,0.,-5.9779189771315,
1.,0.,0.,0.,0.,0.,0.,0.,0.,1.,0.,0.,0.,0.,1.,1.,0.,0.,0.,0.,0.,1.,0.,0.,1.,0.,0.,-20.489982542419,
1.,0.,0.,0.,0.,0.,0.,0.,0.,1.,0.,0.,0.,0.,1.,1.,0.,0.,0.,0.,0.,0.,1.,1.,0.,0.,0.,-19.828545168131,
1.,0.,0.,0.,0.,0.,0.,0.,0.,1.,0.,0.,0.,0.,1.,1.,0.,0.,0.,0.,0.,0.,1.,0.,1.,0.,0.,-24.740800026607,
1.,0.,0.,0.,0.,0.,0.,0.,0.,1.,0.,0.,0.,0.,1.,0.,0.,1.,0.,0.,1.,0.,0.,1.,0.,0.,0.,-22.550948452816,
1.,0.,0.,0.,0.,0.,0.,0.,0.,1.,0.,0.,0.,0.,1.,0.,0.,1.,0.,0.,0.,1.,0.,1.,0.,0.,0.,-24.109498733921,
1.,0.,0.,0.,0.,0.,0.,0.,0.,1.,0.,0.,0.,0.,1.,0.,0.,1.,0.,0.,0.,0.,1.,0.,1.,0.,0.,-27.914899422109,
1.,0.,0.,0.,0.,0.,0.,0.,0.,1.,0.,0.,0.,0.,1.,0.,0.,0.,1.,0.,0.,1.,0.,1.,0.,0.,0.,-17.380132755041,
1.,0.,0.,0.,0.,0.,0.,0.,0.,1.,0.,0.,0.,0.,1.,0.,0.,0.,1.,0.,0.,0.,1.,1.,0.,0.,0.,-21.848002450451,
1.,0.,0.,0.,0.,0.,0.,0.,0.,1.,0.,0.,0.,0.,1.,0.,0.,0.,1.,0.,0.,0.,1.,0.,1.,0.,0.,-25.184897067640,
1.,0.,0.,0.,0.,0.,0.,0.,0.,1.,0.,0.,0.,0.,1.,0.,0.,0.,0.,1.,1.,0.,0.,1.,0.,0.,0.,-5.4946133683203,
1.,0.,0.,0.,0.,0.,0.,0.,0.,1.,0.,0.,0.,0.,1.,0.,0.,0.,0.,1.,0.,1.,0.,1.,0.,0.,0.,-22.682494078720,
1.,0.,0.,0.,0.,0.,0.,0.,0.,1.,0.,0.,0.,0.,1.,0.,0.,0.,0.,1.,0.,0.,1.,0.,1.,0.,0.,-26.642116273485,
0.,1.,0.,0.,0.,1.,0.,0.,0.,0.,1.,0.,0.,0.,0.,1.,0.,0.,0.,0.,0.,0.,1.,1.,0.,0.,0.,-10.308520423260,
0.,1.,0.,0.,0.,1.,0.,0.,0.,0.,1.,0.,0.,0.,0.,1.,0.,0.,0.,0.,0.,0.,1.,0.,0.,1.,0.,15.9173883038489,
0.,1.,0.,0.,0.,1.,0.,0.,0.,0.,1.,0.,0.,0.,0.,0.,0.,1.,0.,0.,0.,1.,0.,1.,0.,0.,0.,-13.339931406773,
0.,1.,0.,0.,0.,1.,0.,0.,0.,0.,1.,0.,0.,0.,0.,0.,0.,1.,0.,0.,0.,0.,1.,1.,0.,0.,0.,-12.927719637647,
0.,1.,0.,0.,0.,1.,0.,0.,0.,0.,1.,0.,0.,0.,0.,0.,0.,0.,1.,0.,0.,1.,0.,1.,0.,0.,0.,-7.8302240976277,
0.,1.,0.,0.,0.,1.,0.,0.,0.,0.,1.,0.,0.,0.,0.,0.,0.,0.,1.,0.,0.,0.,1.,0.,0.,1.,0.,14.5436196349082,
0.,1.,0.,0.,0.,1.,0.,0.,0.,0.,1.,0.,0.,0.,0.,0.,0.,0.,0.,1.,0.,1.,0.,1.,0.,0.,0.,-9.8048535817207,
0.,1.,0.,0.,0.,1.,0.,0.,0.,0.,1.,0.,0.,0.,0.,0.,0.,0.,0.,1.,0.,1.,0.,0.,1.,0.,0.,-10.716590441364,
0.,1.,0.,0.,0.,1.,0.,0.,0.,0.,1.,0.,0.,0.,0.,0.,0.,0.,0.,1.,0.,1.,0.,0.,0.,1.,0.,19.7597489173650,
0.,1.,0.,0.,0.,1.,0.,0.,0.,0.,1.,0.,0.,0.,0.,0.,0.,0.,0.,1.,0.,1.,0.,0.,0.,0.,1.,21.0906272769613,
0.,1.,0.,0.,0.,1.,0.,0.,0.,0.,0.,0.,0.,1.,0.,1.,0.,0.,0.,0.,1.,0.,0.,1.,0.,0.,0.,-4.4814519515443,
0.,1.,0.,0.,0.,1.,0.,0.,0.,0.,0.,0.,0.,1.,0.,1.,0.,0.,0.,0.,0.,1.,0.,0.,1.,0.,0.,-12.790873856722,
0.,1.,0.,0.,0.,1.,0.,0.,0.,0.,0.,0.,0.,1.,0.,0.,0.,0.,0.,1.,1.,0.,0.,1.,0.,0.,0.,-8.7053533316457,
0.,1.,0.,0.,0.,1.,0.,0.,0.,0.,0.,0.,0.,1.,0.,0.,0.,0.,0.,1.,0.,0.,1.,0.,1.,0.,0.,-11.878552335662,
0.,1.,0.,0.,0.,1.,0.,0.,0.,0.,0.,0.,0.,1.,0.,0.,0.,0.,0.,1.,0.,0.,1.,0.,0.,1.,0.,8.64391105495377,
0.,1.,0.,0.,0.,1.,0.,0.,0.,0.,0.,0.,0.,0.,1.,1.,0.,0.,0.,0.,1.,0.,0.,1.,0.,0.,0.,-9.6892742961070,
0.,1.,0.,0.,0.,1.,0.,0.,0.,0.,0.,0.,0.,0.,1.,1.,0.,0.,0.,0.,0.,1.,0.,1.,0.,0.,0.,-13.046042070212,
0.,1.,0.,0.,0.,1.,0.,0.,0.,0.,0.,0.,0.,0.,1.,1.,0.,0.,0.,0.,0.,1.,0.,0.,1.,0.,0.,-15.042596558166,
0.,1.,0.,0.,0.,1.,0.,0.,0.,0.,0.,0.,0.,0.,1.,1.,0.,0.,0.,0.,0.,1.,0.,0.,0.,1.,0.,18.6108734207839,
0.,1.,0.,0.,0.,1.,0.,0.,0.,0.,0.,0.,0.,0.,1.,1.,0.,0.,0.,0.,0.,1.,0.,0.,0.,0.,1.,22.3386076093493,
0.,1.,0.,0.,0.,1.,0.,0.,0.,0.,0.,0.,0.,0.,1.,1.,0.,0.,0.,0.,0.,0.,1.,1.,0.,0.,0.,-16.770648193879,
0.,1.,0.,0.,0.,1.,0.,0.,0.,0.,0.,0.,0.,0.,1.,1.,0.,0.,0.,0.,0.,0.,1.,0.,1.,0.,0.,-17.396208121727,
0.,1.,0.,0.,0.,1.,0.,0.,0.,0.,0.,0.,0.,0.,1.,1.,0.,0.,0.,0.,0.,0.,1.,0.,0.,1.,0.,11.5538042481529,
0.,1.,0.,0.,0.,1.,0.,0.,0.,0.,0.,0.,0.,0.,1.,0.,0.,1.,0.,0.,0.,1.,0.,1.,0.,0.,0.,-17.904393590382,
0.,1.,0.,0.,0.,1.,0.,0.,0.,0.,0.,0.,0.,0.,1.,0.,0.,0.,1.,0.,1.,0.,0.,1.,0.,0.,0.,-7.8135547892179,
0.,1.,0.,0.,0.,1.,0.,0.,0.,0.,0.,0.,0.,0.,1.,0.,0.,0.,1.,0.,1.,0.,0.,0.,0.,0.,1.,53.7808188047168,
0.,1.,0.,0.,0.,1.,0.,0.,0.,0.,0.,0.,0.,0.,1.,0.,0.,0.,1.,0.,0.,1.,0.,1.,0.,0.,0.,-10.755240885027,
0.,1.,0.,0.,0.,1.,0.,0.,0.,0.,0.,0.,0.,0.,1.,0.,0.,0.,1.,0.,0.,0.,1.,1.,0.,0.,0.,-15.348858501728,
0.,1.,0.,0.,0.,1.,0.,0.,0.,0.,0.,0.,0.,0.,1.,0.,0.,0.,1.,0.,0.,0.,1.,0.,0.,1.,0.,12.2984260062436,
0.,1.,0.,0.,0.,1.,0.,0.,0.,0.,0.,0.,0.,0.,1.,0.,0.,0.,0.,1.,1.,0.,0.,1.,0.,0.,0.,-13.583005883381,
0.,1.,0.,0.,0.,1.,0.,0.,0.,0.,0.,0.,0.,0.,1.,0.,0.,0.,0.,1.,1.,0.,0.,0.,0.,0.,1.,52.3290024772636,
0.,1.,0.,0.,0.,1.,0.,0.,0.,0.,0.,0.,0.,0.,1.,0.,0.,0.,0.,1.,0.,1.,0.,1.,0.,0.,0.,-20.605978511040,
0.,1.,0.,0.,0.,1.,0.,0.,0.,0.,0.,0.,0.,0.,1.,0.,0.,0.,0.,1.,0.,1.,0.,0.,1.,0.,0.,-18.550548225783,
0.,1.,0.,0.,0.,1.,0.,0.,0.,0.,0.,0.,0.,0.,1.,0.,0.,0.,0.,1.,0.,0.,1.,1.,0.,0.,0.,-18.825513855705,
0.,1.,0.,0.,0.,1.,0.,0.,0.,0.,0.,0.,0.,0.,1.,0.,0.,0.,0.,1.,0.,0.,1.,0.,1.,0.,0.,-22.313876860004,
0.,1.,0.,0.,0.,1.,0.,0.,0.,0.,0.,0.,0.,0.,1.,0.,0.,0.,0.,1.,0.,0.,1.,0.,0.,1.,0.,5.39176139276668,
0.,1.,0.,0.,0.,0.,1.,0.,0.,0.,1.,0.,0.,0.,0.,1.,0.,0.,0.,0.,0.,0.,1.,1.,0.,0.,0.,-14.257578663456,
0.,1.,0.,0.,0.,0.,1.,0.,0.,0.,1.,0.,0.,0.,0.,0.,0.,0.,0.,1.,1.,0.,0.,1.,0.,0.,0.,-10.886161513975,
0.,1.,0.,0.,0.,0.,1.,0.,0.,0.,1.,0.,0.,0.,0.,0.,0.,0.,0.,1.,0.,1.,0.,1.,0.,0.,0.,-10.939807420863,
0.,1.,0.,0.,0.,0.,1.,0.,0.,0.,0.,0.,0.,0.,1.,1.,0.,0.,0.,0.,0.,1.,0.,1.,0.,0.,0.,-11.820823893401,
0.,1.,0.,0.,0.,0.,1.,0.,0.,0.,0.,0.,0.,0.,1.,1.,0.,0.,0.,0.,0.,0.,1.,1.,0.,0.,0.,-13.820230822118,
0.,1.,0.,0.,0.,0.,1.,0.,0.,0.,0.,0.,0.,0.,1.,0.,0.,0.,1.,0.,0.,1.,0.,1.,0.,0.,0.,-12.878726270845,
0.,1.,0.,0.,0.,0.,1.,0.,0.,0.,0.,0.,0.,0.,1.,0.,0.,0.,0.,1.,0.,0.,1.,1.,0.,0.,0.,-18.455655518712,
0.,1.,0.,0.,0.,0.,0.,1.,0.,0.,1.,0.,0.,0.,0.,0.,0.,0.,1.,0.,0.,0.,1.,0.,1.,0.,0.,-11.382688330568,
0.,1.,0.,0.,0.,0.,0.,1.,0.,0.,1.,0.,0.,0.,0.,0.,0.,0.,0.,1.,1.,0.,0.,1.,0.,0.,0.,-12.172800588523,
0.,1.,0.,0.,0.,0.,0.,1.,0.,0.,1.,0.,0.,0.,0.,0.,0.,0.,0.,1.,0.,1.,0.,1.,0.,0.,0.,-11.208459448592,
0.,1.,0.,0.,0.,0.,0.,1.,0.,0.,1.,0.,0.,0.,0.,0.,0.,0.,0.,1.,0.,1.,0.,0.,1.,0.,0.,-11.313477477234,
0.,1.,0.,0.,0.,0.,0.,1.,0.,0.,0.,0.,0.,1.,0.,1.,0.,0.,0.,0.,0.,1.,0.,0.,1.,0.,0.,-14.123195904786,
0.,1.,0.,0.,0.,0.,0.,1.,0.,0.,0.,0.,0.,1.,0.,0.,0.,0.,0.,1.,0.,0.,1.,0.,0.,1.,0.,3.98621683337156,
0.,1.,0.,0.,0.,0.,0.,1.,0.,0.,0.,0.,0.,0.,1.,1.,0.,0.,0.,0.,1.,0.,0.,1.,0.,0.,0.,-12.181405984655,
0.,1.,0.,0.,0.,0.,0.,1.,0.,0.,0.,0.,0.,0.,1.,0.,0.,0.,1.,0.,1.,0.,0.,1.,0.,0.,0.,-7.7851907084096,
0.,1.,0.,0.,0.,0.,0.,1.,0.,0.,0.,0.,0.,0.,1.,0.,0.,0.,1.,0.,0.,1.,0.,1.,0.,0.,0.,-12.879354063418,
0.,1.,0.,0.,0.,0.,0.,1.,0.,0.,0.,0.,0.,0.,1.,0.,0.,0.,0.,1.,1.,0.,0.,1.,0.,0.,0.,-15.304761562909,
0.,1.,0.,0.,0.,0.,0.,1.,0.,0.,0.,0.,0.,0.,1.,0.,0.,0.,0.,1.,0.,1.,0.,1.,0.,0.,0.,-15.542297674511,
0.,1.,0.,0.,0.,0.,0.,1.,0.,0.,0.,0.,0.,0.,1.,0.,0.,0.,0.,1.,0.,1.,0.,0.,1.,0.,0.,-13.710495265447,
0.,1.,0.,0.,0.,0.,0.,0.,1.,0.,1.,0.,0.,0.,0.,1.,0.,0.,0.,0.,1.,0.,0.,1.,0.,0.,0.,0.09933655468056,
0.,1.,0.,0.,0.,0.,0.,0.,1.,0.,1.,0.,0.,0.,0.,1.,0.,0.,0.,0.,0.,1.,0.,1.,0.,0.,0.,-11.029949940318,
0.,1.,0.,0.,0.,0.,0.,0.,1.,0.,1.,0.,0.,0.,0.,1.,0.,0.,0.,0.,0.,1.,0.,0.,1.,0.,0.,-16.471432636658,
0.,1.,0.,0.,0.,0.,0.,0.,1.,0.,1.,0.,0.,0.,0.,1.,0.,0.,0.,0.,0.,0.,1.,1.,0.,0.,0.,-3.2513005527549,
0.,1.,0.,0.,0.,0.,0.,0.,1.,0.,1.,0.,0.,0.,0.,1.,0.,0.,0.,0.,0.,0.,1.,0.,1.,0.,0.,-7.6222478752815,
0.,1.,0.,0.,0.,0.,0.,0.,1.,0.,1.,0.,0.,0.,0.,1.,0.,0.,0.,0.,0.,0.,1.,0.,0.,1.,0.,23.7350744159281,
0.,1.,0.,0.,0.,0.,0.,0.,1.,0.,1.,0.,0.,0.,0.,0.,0.,0.,1.,0.,1.,0.,0.,1.,0.,0.,0.,-0.9220155688025,
0.,1.,0.,0.,0.,0.,0.,0.,1.,0.,1.,0.,0.,0.,0.,0.,0.,0.,1.,0.,0.,1.,0.,0.,1.,0.,0.,-14.961199788629,
0.,1.,0.,0.,0.,0.,0.,0.,1.,0.,1.,0.,0.,0.,0.,0.,0.,0.,1.,0.,0.,1.,0.,0.,0.,1.,0.,18.2165038302933,
0.,1.,0.,0.,0.,0.,0.,0.,1.,0.,1.,0.,0.,0.,0.,0.,0.,0.,0.,1.,1.,0.,0.,1.,0.,0.,0.,-10.823764316228,
0.,1.,0.,0.,0.,0.,0.,0.,1.,0.,1.,0.,0.,0.,0.,0.,0.,0.,0.,1.,0.,1.,0.,0.,1.,0.,0.,-17.278110864562,
0.,1.,0.,0.,0.,0.,0.,0.,1.,0.,1.,0.,0.,0.,0.,0.,0.,0.,0.,1.,0.,0.,1.,0.,1.,0.,0.,-20.358309359217,
0.,1.,0.,0.,0.,0.,0.,0.,1.,0.,0.,0.,0.,1.,0.,1.,0.,0.,0.,0.,0.,1.,0.,0.,1.,0.,0.,-17.244913950560,
0.,1.,0.,0.,0.,0.,0.,0.,1.,0.,0.,0.,0.,1.,0.,0.,0.,0.,0.,1.,1.,0.,0.,1.,0.,0.,0.,-9.8384443839358,
0.,1.,0.,0.,0.,0.,0.,0.,1.,0.,0.,0.,0.,1.,0.,0.,0.,0.,0.,1.,0.,1.,0.,1.,0.,0.,0.,-14.211921485595,
0.,1.,0.,0.,0.,0.,0.,0.,1.,0.,0.,0.,0.,0.,1.,0.,1.,0.,0.,0.,1.,0.,0.,1.,0.,0.,0.,-20.851416286857,
0.,1.,0.,0.,0.,0.,0.,0.,1.,0.,0.,0.,0.,0.,1.,0.,0.,0.,1.,0.,1.,0.,0.,1.,0.,0.,0.,-9.5237710858649,
0.,1.,0.,0.,0.,0.,0.,0.,1.,0.,0.,0.,0.,0.,1.,0.,0.,0.,1.,0.,0.,1.,0.,1.,0.,0.,0.,-16.301031135794,
0.,1.,0.,0.,0.,0.,0.,0.,1.,0.,0.,0.,0.,0.,1.,0.,0.,0.,1.,0.,0.,1.,0.,0.,1.,0.,0.,-14.966178190850,
0.,1.,0.,0.,0.,0.,0.,0.,1.,0.,0.,0.,0.,0.,1.,0.,0.,0.,1.,0.,0.,1.,0.,0.,0.,1.,0.,16.6521972899794,
0.,1.,0.,0.,0.,0.,0.,0.,1.,0.,0.,0.,0.,0.,1.,0.,0.,0.,1.,0.,0.,1.,0.,0.,0.,0.,1.,19.3828235639994,
0.,1.,0.,0.,0.,0.,0.,0.,1.,0.,0.,0.,0.,0.,1.,0.,0.,0.,1.,0.,0.,0.,1.,1.,0.,0.,0.,-18.488994667083,
0.,1.,0.,0.,0.,0.,0.,0.,1.,0.,0.,0.,0.,0.,1.,0.,0.,0.,0.,1.,1.,0.,0.,1.,0.,0.,0.,-17.668490936632,
0.,1.,0.,0.,0.,0.,0.,0.,1.,0.,0.,0.,0.,0.,1.,0.,0.,0.,0.,1.,0.,0.,1.,0.,1.,0.,0.,-20.487799302536,
0.,1.,0.,0.,0.,0.,0.,0.,0.,1.,1.,0.,0.,0.,0.,1.,0.,0.,0.,0.,1.,0.,0.,1.,0.,0.,0.,-3.4445497483767,
0.,1.,0.,0.,0.,0.,0.,0.,0.,1.,1.,0.,0.,0.,0.,1.,0.,0.,0.,0.,0.,1.,0.,0.,1.,0.,0.,-15.590721483541,
0.,1.,0.,0.,0.,0.,0.,0.,0.,1.,1.,0.,0.,0.,0.,1.,0.,0.,0.,0.,0.,0.,1.,1.,0.,0.,0.,-28.714409910879,
0.,1.,0.,0.,0.,0.,0.,0.,0.,1.,1.,0.,0.,0.,0.,0.,0.,1.,0.,0.,0.,0.,1.,1.,0.,0.,0.,-19.568587242724,
0.,1.,0.,0.,0.,0.,0.,0.,0.,1.,1.,0.,0.,0.,0.,0.,0.,0.,1.,0.,0.,1.,0.,0.,1.,0.,0.,-16.481669407528,
0.,1.,0.,0.,0.,0.,0.,0.,0.,1.,1.,0.,0.,0.,0.,0.,0.,0.,0.,1.,1.,0.,0.,1.,0.,0.,0.,-11.457489323810,
0.,1.,0.,0.,0.,0.,0.,0.,0.,1.,1.,0.,0.,0.,0.,0.,0.,0.,0.,1.,0.,1.,0.,0.,0.,1.,0.,8.91125473797172,
0.,1.,0.,0.,0.,0.,0.,0.,0.,1.,0.,1.,0.,0.,0.,1.,0.,0.,0.,0.,0.,1.,0.,0.,1.,0.,0.,-31.280789510009,
0.,1.,0.,0.,0.,0.,0.,0.,0.,1.,0.,0.,1.,0.,0.,0.,0.,0.,1.,0.,0.,1.,0.,0.,0.,1.,0.,4.51981356448666,
0.,1.,0.,0.,0.,0.,0.,0.,0.,1.,0.,0.,0.,1.,0.,1.,0.,0.,0.,0.,1.,0.,0.,1.,0.,0.,0.,-7.7361307037958,
0.,1.,0.,0.,0.,0.,0.,0.,0.,1.,0.,0.,0.,1.,0.,1.,0.,0.,0.,0.,0.,1.,0.,1.,0.,0.,0.,-15.179357949867,
0.,1.,0.,0.,0.,0.,0.,0.,0.,1.,0.,0.,0.,1.,0.,0.,0.,1.,0.,0.,0.,1.,0.,1.,0.,0.,0.,-19.120756384563,
0.,1.,0.,0.,0.,0.,0.,0.,0.,1.,0.,0.,0.,1.,0.,0.,0.,1.,0.,0.,0.,0.,1.,1.,0.,0.,0.,-19.574898049977,
0.,1.,0.,0.,0.,0.,0.,0.,0.,1.,0.,0.,0.,1.,0.,0.,0.,0.,1.,0.,0.,1.,0.,0.,1.,0.,0.,-18.962803225941,
0.,1.,0.,0.,0.,0.,0.,0.,0.,1.,0.,0.,0.,0.,1.,1.,0.,0.,0.,0.,1.,0.,0.,1.,0.,0.,0.,-13.865585825987,
0.,1.,0.,0.,0.,0.,0.,0.,0.,1.,0.,0.,0.,0.,1.,1.,0.,0.,0.,0.,0.,1.,0.,1.,0.,0.,0.,-18.860515695220,
0.,1.,0.,0.,0.,0.,0.,0.,0.,1.,0.,0.,0.,0.,1.,1.,0.,0.,0.,0.,0.,0.,1.,0.,1.,0.,0.,-22.425125089311,
0.,1.,0.,0.,0.,0.,0.,0.,0.,1.,0.,0.,0.,0.,1.,0.,0.,1.,0.,0.,0.,1.,0.,1.,0.,0.,0.,-24.823003302402,
0.,1.,0.,0.,0.,0.,0.,0.,0.,1.,0.,0.,0.,0.,1.,0.,0.,0.,1.,0.,0.,1.,0.,0.,0.,1.,0.,7.43839489716658,
0.,1.,0.,0.,0.,0.,0.,0.,0.,1.,0.,0.,0.,0.,1.,0.,0.,0.,0.,1.,0.,1.,0.,0.,1.,0.,0.,-17.861974323862,
0.,0.,1.,0.,0.,1.,0.,0.,0.,0.,1.,0.,0.,0.,0.,1.,0.,0.,0.,0.,0.,1.,0.,1.,0.,0.,0.,-3.9257729071619,
0.,0.,1.,0.,0.,1.,0.,0.,0.,0.,1.,0.,0.,0.,0.,1.,0.,0.,0.,0.,0.,1.,0.,0.,1.,0.,0.,-9.8394547405017,
0.,0.,1.,0.,0.,1.,0.,0.,0.,0.,1.,0.,0.,0.,0.,1.,0.,0.,0.,0.,0.,0.,1.,0.,1.,0.,0.,-11.299788379761,
0.,0.,1.,0.,0.,1.,0.,0.,0.,0.,1.,0.,0.,0.,0.,1.,0.,0.,0.,0.,0.,0.,1.,0.,0.,1.,0.,18.8088174405988,
0.,0.,1.,0.,0.,1.,0.,0.,0.,0.,1.,0.,0.,0.,0.,0.,0.,0.,1.,0.,1.,0.,0.,1.,0.,0.,0.,-1.0501112324388,
0.,0.,1.,0.,0.,1.,0.,0.,0.,0.,1.,0.,0.,0.,0.,0.,0.,0.,1.,0.,1.,0.,0.,0.,1.,0.,0.,-5.8655248894859,
0.,0.,1.,0.,0.,1.,0.,0.,0.,0.,1.,0.,0.,0.,0.,0.,0.,0.,1.,0.,0.,1.,0.,0.,1.,0.,0.,-9.6928542569822,
0.,0.,1.,0.,0.,1.,0.,0.,0.,0.,1.,0.,0.,0.,0.,0.,0.,0.,1.,0.,0.,1.,0.,0.,0.,1.,0.,20.6265203870458,
0.,0.,1.,0.,0.,1.,0.,0.,0.,0.,1.,0.,0.,0.,0.,0.,0.,0.,1.,0.,0.,0.,1.,1.,0.,0.,0.,-7.0186965841044,
0.,0.,1.,0.,0.,1.,0.,0.,0.,0.,1.,0.,0.,0.,0.,0.,0.,0.,0.,1.,1.,0.,0.,1.,0.,0.,0.,-4.7503803605711,
0.,0.,1.,0.,0.,1.,0.,0.,0.,0.,1.,0.,0.,0.,0.,0.,0.,0.,0.,1.,0.,1.,0.,0.,1.,0.,0.,-11.149661348295,
0.,0.,1.,0.,0.,1.,0.,0.,0.,0.,1.,0.,0.,0.,0.,0.,0.,0.,0.,1.,0.,1.,0.,0.,0.,1.,0.,19.9551239379367,
0.,0.,1.,0.,0.,1.,0.,0.,0.,0.,1.,0.,0.,0.,0.,0.,0.,0.,0.,1.,0.,0.,1.,0.,1.,0.,0.,-13.377826250555,
0.,0.,1.,0.,0.,1.,0.,0.,0.,0.,1.,0.,0.,0.,0.,0.,0.,0.,0.,1.,0.,0.,1.,0.,0.,1.,0.,14.2526468027777,
0.,0.,1.,0.,0.,1.,0.,0.,0.,0.,0.,0.,1.,0.,0.,0.,0.,1.,0.,0.,1.,0.,0.,0.,0.,1.,0.,52.2217204275842,
0.,0.,1.,0.,0.,1.,0.,0.,0.,0.,0.,0.,1.,0.,0.,0.,0.,1.,0.,0.,1.,0.,0.,0.,0.,0.,1.,57.8996807588884,
0.,0.,1.,0.,0.,1.,0.,0.,0.,0.,0.,0.,1.,0.,0.,0.,0.,0.,0.,1.,0.,0.,1.,0.,0.,1.,0.,8.62466610990797,
0.,0.,1.,0.,0.,1.,0.,0.,0.,0.,0.,0.,0.,1.,0.,1.,0.,0.,0.,0.,1.,0.,0.,0.,1.,0.,0.,-6.3713651924362,
0.,0.,1.,0.,0.,1.,0.,0.,0.,0.,0.,0.,0.,1.,0.,1.,0.,0.,0.,0.,0.,0.,1.,1.,0.,0.,0.,-7.3306556900425,
0.,0.,1.,0.,0.,1.,0.,0.,0.,0.,0.,0.,0.,1.,0.,1.,0.,0.,0.,0.,0.,0.,1.,0.,1.,0.,0.,-12.302803110887,
0.,0.,1.,0.,0.,1.,0.,0.,0.,0.,0.,0.,0.,1.,0.,0.,0.,0.,1.,0.,0.,1.,0.,1.,0.,0.,0.,-6.8230508845097,
0.,0.,1.,0.,0.,1.,0.,0.,0.,0.,0.,0.,0.,1.,0.,0.,0.,0.,1.,0.,0.,1.,0.,0.,1.,0.,0.,-10.036702480811,
0.,0.,1.,0.,0.,1.,0.,0.,0.,0.,0.,0.,0.,1.,0.,0.,0.,0.,1.,0.,0.,1.,0.,0.,0.,1.,0.,17.9472902500136,
0.,0.,1.,0.,0.,1.,0.,0.,0.,0.,0.,0.,0.,1.,0.,0.,0.,0.,1.,0.,0.,0.,1.,0.,1.,0.,0.,-12.419826820015,
0.,0.,1.,0.,0.,1.,0.,0.,0.,0.,0.,0.,0.,1.,0.,0.,0.,0.,0.,1.,0.,1.,0.,0.,1.,0.,0.,-10.473449300870,
0.,0.,1.,0.,0.,1.,0.,0.,0.,0.,0.,0.,0.,1.,0.,0.,0.,0.,0.,1.,0.,1.,0.,0.,0.,1.,0.,17.0351286463900,
0.,0.,1.,0.,0.,1.,0.,0.,0.,0.,0.,0.,0.,1.,0.,0.,0.,0.,0.,1.,0.,1.,0.,0.,0.,0.,1.,19.4898504753268,
0.,0.,1.,0.,0.,1.,0.,0.,0.,0.,0.,0.,0.,1.,0.,0.,0.,0.,0.,1.,0.,0.,1.,1.,0.,0.,0.,-9.7741135225305,
0.,0.,1.,0.,0.,1.,0.,0.,0.,0.,0.,0.,0.,1.,0.,0.,0.,0.,0.,1.,0.,0.,1.,0.,1.,0.,0.,-9.5922129866313,
0.,0.,1.,0.,0.,1.,0.,0.,0.,0.,0.,0.,0.,0.,1.,1.,0.,0.,0.,0.,1.,0.,0.,1.,0.,0.,0.,-6.3399862691728,
0.,0.,1.,0.,0.,1.,0.,0.,0.,0.,0.,0.,0.,0.,1.,1.,0.,0.,0.,0.,0.,0.,1.,1.,0.,0.,0.,-12.257525573668,
0.,0.,1.,0.,0.,1.,0.,0.,0.,0.,0.,0.,0.,0.,1.,1.,0.,0.,0.,0.,0.,0.,1.,0.,1.,0.,0.,-14.380013144550,
0.,0.,1.,0.,0.,1.,0.,0.,0.,0.,0.,0.,0.,0.,1.,0.,0.,1.,0.,0.,0.,1.,0.,0.,1.,0.,0.,-18.554480474625,
0.,0.,1.,0.,0.,1.,0.,0.,0.,0.,0.,0.,0.,0.,1.,0.,0.,1.,0.,0.,0.,0.,1.,1.,0.,0.,0.,-17.252563000344,
0.,0.,1.,0.,0.,1.,0.,0.,0.,0.,0.,0.,0.,0.,1.,0.,0.,0.,1.,0.,1.,0.,0.,1.,0.,0.,0.,-5.3704087360163,
0.,0.,1.,0.,0.,1.,0.,0.,0.,0.,0.,0.,0.,0.,1.,0.,0.,0.,1.,0.,0.,1.,0.,1.,0.,0.,0.,-10.008193034579,
0.,0.,1.,0.,0.,1.,0.,0.,0.,0.,0.,0.,0.,0.,1.,0.,0.,0.,1.,0.,0.,1.,0.,0.,1.,0.,0.,-12.548335546463,
0.,0.,1.,0.,0.,1.,0.,0.,0.,0.,0.,0.,0.,0.,1.,0.,0.,0.,1.,0.,0.,1.,0.,0.,0.,1.,0.,17.4491244874903,
0.,0.,1.,0.,0.,1.,0.,0.,0.,0.,0.,0.,0.,0.,1.,0.,0.,0.,0.,1.,0.,1.,0.,0.,1.,0.,0.,-13.249619750462,
0.,0.,1.,0.,0.,1.,0.,0.,0.,0.,0.,0.,0.,0.,1.,0.,0.,0.,0.,1.,0.,1.,0.,0.,0.,1.,0.,12.3420896421962,
0.,0.,1.,0.,0.,1.,0.,0.,0.,0.,0.,0.,0.,0.,1.,0.,0.,0.,0.,1.,0.,1.,0.,0.,0.,0.,1.,15.5397388133261,
0.,0.,1.,0.,0.,1.,0.,0.,0.,0.,0.,0.,0.,0.,1.,0.,0.,0.,0.,1.,0.,0.,1.,1.,0.,0.,0.,-13.736810683551,
0.,0.,1.,0.,0.,1.,0.,0.,0.,0.,0.,0.,0.,0.,1.,0.,0.,0.,0.,1.,0.,0.,1.,0.,1.,0.,0.,-19.867781164811,
0.,0.,1.,0.,0.,1.,0.,0.,0.,0.,0.,0.,0.,0.,1.,0.,0.,0.,0.,1.,0.,0.,1.,0.,0.,1.,0.,6.28893489354781,
0.,0.,1.,0.,0.,0.,1.,0.,0.,0.,1.,0.,0.,0.,0.,1.,0.,0.,0.,0.,1.,0.,0.,1.,0.,0.,0.,-4.0464834927316,
0.,0.,1.,0.,0.,0.,1.,0.,0.,0.,1.,0.,0.,0.,0.,1.,0.,0.,0.,0.,0.,1.,0.,0.,1.,0.,0.,-12.376841291966,
0.,0.,1.,0.,0.,0.,1.,0.,0.,0.,1.,0.,0.,0.,0.,1.,0.,0.,0.,0.,0.,0.,1.,1.,0.,0.,0.,-12.126099868310,
0.,0.,1.,0.,0.,0.,1.,0.,0.,0.,1.,0.,0.,0.,0.,0.,0.,0.,1.,0.,1.,0.,0.,0.,1.,0.,0.,-10.073751721641,
0.,0.,1.,0.,0.,0.,1.,0.,0.,0.,1.,0.,0.,0.,0.,0.,0.,0.,1.,0.,0.,1.,0.,0.,1.,0.,0.,-10.583194044215,
0.,0.,1.,0.,0.,0.,1.,0.,0.,0.,1.,0.,0.,0.,0.,0.,0.,0.,1.,0.,0.,0.,1.,0.,1.,0.,0.,-13.881957391552,
0.,0.,1.,0.,0.,0.,1.,0.,0.,0.,1.,0.,0.,0.,0.,0.,0.,0.,0.,1.,1.,0.,0.,1.,0.,0.,0.,-10.239494903205,
0.,0.,1.,0.,0.,0.,1.,0.,0.,0.,1.,0.,0.,0.,0.,0.,0.,0.,0.,1.,0.,0.,1.,1.,0.,0.,0.,-14.381133073330,
0.,0.,1.,0.,0.,0.,1.,0.,0.,0.,1.,0.,0.,0.,0.,0.,0.,0.,0.,1.,0.,0.,1.,0.,0.,1.,0.,8.47315724304470,
0.,0.,1.,0.,0.,0.,1.,0.,0.,0.,0.,0.,1.,0.,0.,1.,0.,0.,0.,0.,0.,1.,0.,1.,0.,0.,0.,-13.503587575614,
0.,0.,1.,0.,0.,0.,1.,0.,0.,0.,0.,0.,1.,0.,0.,0.,0.,1.,0.,0.,1.,0.,0.,1.,0.,0.,0.,-21.563790071538,
0.,0.,1.,0.,0.,0.,1.,0.,0.,0.,0.,0.,1.,0.,0.,0.,0.,1.,0.,0.,0.,1.,0.,1.,0.,0.,0.,-20.297080452376,
0.,0.,1.,0.,0.,0.,1.,0.,0.,0.,0.,0.,0.,1.,0.,0.,0.,0.,0.,1.,1.,0.,0.,1.,0.,0.,0.,-7.5184145016184,
0.,0.,1.,0.,0.,0.,1.,0.,0.,0.,0.,0.,0.,1.,0.,0.,0.,0.,0.,1.,0.,1.,0.,1.,0.,0.,0.,-12.517607200651,
0.,0.,1.,0.,0.,0.,1.,0.,0.,0.,0.,0.,0.,0.,1.,1.,0.,0.,0.,0.,1.,0.,0.,1.,0.,0.,0.,-12.591479597760,
0.,0.,1.,0.,0.,0.,1.,0.,0.,0.,0.,0.,0.,0.,1.,1.,0.,0.,0.,0.,0.,0.,1.,0.,1.,0.,0.,-12.707522366529,
0.,0.,1.,0.,0.,0.,1.,0.,0.,0.,0.,0.,0.,0.,1.,0.,0.,0.,1.,0.,1.,0.,0.,1.,0.,0.,0.,-11.036684277638,
0.,0.,1.,0.,0.,0.,1.,0.,0.,0.,0.,0.,0.,0.,1.,0.,0.,0.,1.,0.,0.,1.,0.,1.,0.,0.,0.,-12.696746255665,
0.,0.,1.,0.,0.,0.,1.,0.,0.,0.,0.,0.,0.,0.,1.,0.,0.,0.,1.,0.,0.,0.,1.,1.,0.,0.,0.,-13.354992968198,
0.,0.,1.,0.,0.,0.,1.,0.,0.,0.,0.,0.,0.,0.,1.,0.,0.,0.,1.,0.,0.,0.,1.,0.,1.,0.,0.,-13.596145784913,
0.,0.,1.,0.,0.,0.,1.,0.,0.,0.,0.,0.,0.,0.,1.,0.,0.,0.,0.,1.,0.,1.,0.,1.,0.,0.,0.,-14.040223342125,
0.,0.,1.,0.,0.,0.,0.,1.,0.,0.,1.,0.,0.,0.,0.,1.,0.,0.,0.,0.,1.,0.,0.,0.,1.,0.,0.,-7.0167489827384,
0.,0.,1.,0.,0.,0.,0.,1.,0.,0.,1.,0.,0.,0.,0.,1.,0.,0.,0.,0.,0.,1.,0.,0.,1.,0.,0.,-7.5990433500844,
0.,0.,1.,0.,0.,0.,0.,1.,0.,0.,1.,0.,0.,0.,0.,1.,0.,0.,0.,0.,0.,1.,0.,0.,0.,1.,0.,19.3735236251233,
0.,0.,1.,0.,0.,0.,0.,1.,0.,0.,1.,0.,0.,0.,0.,1.,0.,0.,0.,0.,0.,0.,1.,0.,0.,1.,0.,14.6286087536760,
0.,0.,1.,0.,0.,0.,0.,1.,0.,0.,1.,0.,0.,0.,0.,0.,1.,0.,0.,0.,1.,0.,0.,1.,0.,0.,0.,-18.385361664783,
0.,0.,1.,0.,0.,0.,0.,1.,0.,0.,1.,0.,0.,0.,0.,0.,0.,1.,0.,0.,1.,0.,0.,0.,1.,0.,0.,-12.301506424978,
0.,0.,1.,0.,0.,0.,0.,1.,0.,0.,1.,0.,0.,0.,0.,0.,0.,1.,0.,0.,0.,0.,1.,1.,0.,0.,0.,-8.9597698823400,
0.,0.,1.,0.,0.,0.,0.,1.,0.,0.,1.,0.,0.,0.,0.,0.,0.,1.,0.,0.,0.,0.,1.,0.,0.,1.,0.,9.34263967460505,
0.,0.,1.,0.,0.,0.,0.,1.,0.,0.,1.,0.,0.,0.,0.,0.,0.,0.,1.,0.,1.,0.,0.,1.,0.,0.,0.,-2.0148434517678,
0.,0.,1.,0.,0.,0.,0.,1.,0.,0.,1.,0.,0.,0.,0.,0.,0.,0.,1.,0.,1.,0.,0.,0.,1.,0.,0.,-5.3398538086431,
0.,0.,1.,0.,0.,0.,0.,1.,0.,0.,1.,0.,0.,0.,0.,0.,0.,0.,1.,0.,0.,1.,0.,0.,0.,1.,0.,16.0439088015419,
0.,0.,1.,0.,0.,0.,0.,1.,0.,0.,1.,0.,0.,0.,0.,0.,0.,0.,1.,0.,0.,0.,1.,0.,0.,1.,0.,10.8733490315270,
0.,0.,1.,0.,0.,0.,0.,1.,0.,0.,1.,0.,0.,0.,0.,0.,0.,0.,0.,1.,0.,1.,0.,1.,0.,0.,0.,-8.3592393289727,
0.,0.,1.,0.,0.,0.,0.,1.,0.,0.,1.,0.,0.,0.,0.,0.,0.,0.,0.,1.,0.,1.,0.,0.,1.,0.,0.,-9.5727300589598,
0.,0.,1.,0.,0.,0.,0.,1.,0.,0.,1.,0.,0.,0.,0.,0.,0.,0.,0.,1.,0.,0.,1.,1.,0.,0.,0.,-9.3127872675175,
0.,0.,1.,0.,0.,0.,0.,1.,0.,0.,0.,1.,0.,0.,0.,0.,0.,1.,0.,0.,0.,1.,0.,1.,0.,0.,0.,-22.004889801588,
0.,0.,1.,0.,0.,0.,0.,1.,0.,0.,0.,0.,1.,0.,0.,1.,0.,0.,0.,0.,1.,0.,0.,1.,0.,0.,0.,-8.6489091117098,
0.,0.,1.,0.,0.,0.,0.,1.,0.,0.,0.,0.,1.,0.,0.,1.,0.,0.,0.,0.,0.,1.,0.,0.,0.,1.,0.,12.5649377980491,
0.,0.,1.,0.,0.,0.,0.,1.,0.,0.,0.,0.,1.,0.,0.,1.,0.,0.,0.,0.,0.,0.,1.,0.,0.,1.,0.,9.30051572513704,
0.,0.,1.,0.,0.,0.,0.,1.,0.,0.,0.,0.,1.,0.,0.,0.,0.,0.,1.,0.,0.,1.,0.,1.,0.,0.,0.,-8.7651129225111,
0.,0.,1.,0.,0.,0.,0.,1.,0.,0.,0.,0.,1.,0.,0.,0.,0.,0.,1.,0.,0.,1.,0.,0.,0.,1.,0.,11.0982842541069,
0.,0.,1.,0.,0.,0.,0.,1.,0.,0.,0.,0.,0.,1.,0.,1.,0.,0.,0.,0.,1.,0.,0.,1.,0.,0.,0.,-2.0170144433690,
0.,0.,1.,0.,0.,0.,0.,1.,0.,0.,0.,0.,0.,1.,0.,1.,0.,0.,0.,0.,1.,0.,0.,0.,1.,0.,0.,-5.3479929059917,
0.,0.,1.,0.,0.,0.,0.,1.,0.,0.,0.,0.,0.,1.,0.,1.,0.,0.,0.,0.,0.,1.,0.,0.,1.,0.,0.,-7.2937621788056,
0.,0.,1.,0.,0.,0.,0.,1.,0.,0.,0.,0.,0.,1.,0.,1.,0.,0.,0.,0.,0.,0.,1.,0.,1.,0.,0.,-8.8721148524529,
0.,0.,1.,0.,0.,0.,0.,1.,0.,0.,0.,0.,0.,1.,0.,0.,0.,1.,0.,0.,0.,1.,0.,1.,0.,0.,0.,-8.8896031403722,
0.,0.,1.,0.,0.,0.,0.,1.,0.,0.,0.,0.,0.,1.,0.,0.,0.,0.,1.,0.,0.,1.,0.,0.,1.,0.,0.,-6.6771691941045,
0.,0.,1.,0.,0.,0.,0.,1.,0.,0.,0.,0.,0.,1.,0.,0.,0.,0.,1.,0.,0.,0.,1.,0.,1.,0.,0.,-8.6417722455347,
0.,0.,1.,0.,0.,0.,0.,1.,0.,0.,0.,0.,0.,1.,0.,0.,0.,0.,0.,1.,1.,0.,0.,1.,0.,0.,0.,-4.8771134047505,
0.,0.,1.,0.,0.,0.,0.,1.,0.,0.,0.,0.,0.,1.,0.,0.,0.,0.,0.,1.,0.,1.,0.,1.,0.,0.,0.,-8.9561357679608,
0.,0.,1.,0.,0.,0.,0.,1.,0.,0.,0.,0.,0.,1.,0.,0.,0.,0.,0.,1.,0.,1.,0.,0.,1.,0.,0.,-8.6414080059521,
0.,0.,1.,0.,0.,0.,0.,1.,0.,0.,0.,0.,0.,0.,1.,1.,0.,0.,0.,0.,1.,0.,0.,1.,0.,0.,0.,-6.8824373441781,
0.,0.,1.,0.,0.,0.,0.,1.,0.,0.,0.,0.,0.,0.,1.,1.,0.,0.,0.,0.,0.,1.,0.,1.,0.,0.,0.,-8.3695447850274,
0.,0.,1.,0.,0.,0.,0.,1.,0.,0.,0.,0.,0.,0.,1.,1.,0.,0.,0.,0.,0.,1.,0.,0.,1.,0.,0.,-9.3838589739757,
0.,0.,1.,0.,0.,0.,0.,1.,0.,0.,0.,0.,0.,0.,1.,1.,0.,0.,0.,0.,0.,1.,0.,0.,0.,1.,0.,16.2298407988586,
0.,0.,1.,0.,0.,0.,0.,1.,0.,0.,0.,0.,0.,0.,1.,1.,0.,0.,0.,0.,0.,0.,1.,1.,0.,0.,0.,-9.2987351824712,
0.,0.,1.,0.,0.,0.,0.,1.,0.,0.,0.,0.,0.,0.,1.,1.,0.,0.,0.,0.,0.,0.,1.,0.,0.,1.,0.,11.2170560157460,
0.,0.,1.,0.,0.,0.,0.,1.,0.,0.,0.,0.,0.,0.,1.,0.,1.,0.,0.,0.,1.,0.,0.,1.,0.,0.,0.,-12.214164455064,
0.,0.,1.,0.,0.,0.,0.,1.,0.,0.,0.,0.,0.,0.,1.,0.,0.,0.,1.,0.,0.,1.,0.,1.,0.,0.,0.,-9.0795401818703,
0.,0.,1.,0.,0.,0.,0.,1.,0.,0.,0.,0.,0.,0.,1.,0.,0.,0.,1.,0.,0.,1.,0.,0.,1.,0.,0.,-9.9127687279233,
0.,0.,1.,0.,0.,0.,0.,1.,0.,0.,0.,0.,0.,0.,1.,0.,0.,0.,1.,0.,0.,1.,0.,0.,0.,1.,0.,12.9882762135152,
0.,0.,1.,0.,0.,0.,0.,1.,0.,0.,0.,0.,0.,0.,1.,0.,0.,0.,1.,0.,0.,0.,1.,0.,1.,0.,0.,-11.701886007859,
0.,0.,1.,0.,0.,0.,0.,1.,0.,0.,0.,0.,0.,0.,1.,0.,0.,0.,1.,0.,0.,0.,1.,0.,0.,1.,0.,7.75835007553598,
0.,0.,1.,0.,0.,0.,0.,1.,0.,0.,0.,0.,0.,0.,1.,0.,0.,0.,0.,1.,0.,1.,0.,1.,0.,0.,0.,-14.323400485031,
0.,0.,1.,0.,0.,0.,0.,1.,0.,0.,0.,0.,0.,0.,1.,0.,0.,0.,0.,1.,0.,1.,0.,0.,0.,1.,0.,9.66602514800835,
0.,0.,1.,0.,0.,0.,0.,1.,0.,0.,0.,0.,0.,0.,1.,0.,0.,0.,0.,1.,0.,0.,1.,0.,1.,0.,0.,-12.582073507614,
0.,0.,1.,0.,0.,0.,0.,0.,1.,0.,1.,0.,0.,0.,0.,1.,0.,0.,0.,0.,0.,1.,0.,0.,1.,0.,0.,-5.0027086163930,
0.,0.,1.,0.,0.,0.,0.,0.,1.,0.,1.,0.,0.,0.,0.,1.,0.,0.,0.,0.,0.,1.,0.,0.,0.,1.,0.,28.9481116866224,
0.,0.,1.,0.,0.,0.,0.,0.,1.,0.,1.,0.,0.,0.,0.,1.,0.,0.,0.,0.,0.,0.,1.,1.,0.,0.,0.,-3.1803693120872,
0.,0.,1.,0.,0.,0.,0.,0.,1.,0.,1.,0.,0.,0.,0.,1.,0.,0.,0.,0.,0.,0.,1.,0.,1.,0.,0.,-7.2160653665955,
0.,0.,1.,0.,0.,0.,0.,0.,1.,0.,1.,0.,0.,0.,0.,1.,0.,0.,0.,0.,0.,0.,1.,0.,0.,1.,0.,23.4504592097470,
0.,0.,1.,0.,0.,0.,0.,0.,1.,0.,1.,0.,0.,0.,0.,0.,0.,0.,1.,0.,0.,1.,0.,1.,0.,0.,0.,-8.6819708729313,
0.,0.,1.,0.,0.,0.,0.,0.,1.,0.,1.,0.,0.,0.,0.,0.,0.,0.,1.,0.,0.,1.,0.,0.,1.,0.,0.,-13.213604510324,
0.,0.,1.,0.,0.,0.,0.,0.,1.,0.,1.,0.,0.,0.,0.,0.,0.,0.,1.,0.,0.,0.,1.,0.,1.,0.,0.,-15.793494692849,
0.,0.,1.,0.,0.,0.,0.,0.,1.,0.,1.,0.,0.,0.,0.,0.,0.,0.,0.,1.,1.,0.,0.,1.,0.,0.,0.,-6.1019340696570,
0.,0.,1.,0.,0.,0.,0.,0.,1.,0.,1.,0.,0.,0.,0.,0.,0.,0.,0.,1.,0.,0.,1.,0.,1.,0.,0.,-17.604700846363,
0.,0.,1.,0.,0.,0.,0.,0.,1.,0.,0.,0.,1.,0.,0.,0.,0.,0.,0.,1.,0.,0.,1.,0.,0.,1.,0.,6.41917063041824,
0.,0.,1.,0.,0.,0.,0.,0.,1.,0.,0.,0.,0.,1.,0.,1.,0.,0.,0.,0.,1.,0.,0.,1.,0.,0.,0.,-2.7936386693133,
0.,0.,1.,0.,0.,0.,0.,0.,1.,0.,0.,0.,0.,1.,0.,1.,0.,0.,0.,0.,0.,1.,0.,0.,1.,0.,0.,-12.920544296360,
0.,0.,1.,0.,0.,0.,0.,0.,1.,0.,0.,0.,0.,1.,0.,1.,0.,0.,0.,0.,0.,1.,0.,0.,0.,1.,0.,19.5026763031867,
0.,0.,1.,0.,0.,0.,0.,0.,1.,0.,0.,0.,0.,1.,0.,1.,0.,0.,0.,0.,0.,0.,1.,1.,0.,0.,0.,-10.863525329354,
0.,0.,1.,0.,0.,0.,0.,0.,1.,0.,0.,0.,0.,1.,0.,1.,0.,0.,0.,0.,0.,0.,1.,0.,1.,0.,0.,-15.600877626493,
0.,0.,1.,0.,0.,0.,0.,0.,1.,0.,0.,0.,0.,1.,0.,0.,0.,0.,0.,1.,1.,0.,0.,1.,0.,0.,0.,-4.9503164566955,
0.,0.,1.,0.,0.,0.,0.,0.,1.,0.,0.,0.,0.,1.,0.,0.,0.,0.,0.,1.,0.,0.,1.,0.,0.,1.,0.,8.95399941226440,
0.,0.,1.,0.,0.,0.,0.,0.,1.,0.,0.,0.,0.,0.,1.,1.,0.,0.,0.,0.,1.,0.,0.,1.,0.,0.,0.,-8.3499091693587,
0.,0.,1.,0.,0.,0.,0.,0.,1.,0.,0.,0.,0.,0.,1.,1.,0.,0.,0.,0.,0.,1.,0.,1.,0.,0.,0.,-13.036150332758,
0.,0.,1.,0.,0.,0.,0.,0.,1.,0.,0.,0.,0.,0.,1.,1.,0.,0.,0.,0.,0.,1.,0.,0.,1.,0.,0.,-14.804335034926,
0.,0.,1.,0.,0.,0.,0.,0.,1.,0.,0.,0.,0.,0.,1.,1.,0.,0.,0.,0.,0.,1.,0.,0.,0.,0.,1.,20.4553749944000,
0.,0.,1.,0.,0.,0.,0.,0.,1.,0.,0.,0.,0.,0.,1.,1.,0.,0.,0.,0.,0.,0.,1.,0.,1.,0.,0.,-18.929561643772,
0.,0.,1.,0.,0.,0.,0.,0.,1.,0.,0.,0.,0.,0.,1.,0.,0.,1.,0.,0.,0.,0.,1.,0.,1.,0.,0.,-20.833792030462,
0.,0.,1.,0.,0.,0.,0.,0.,1.,0.,0.,0.,0.,0.,1.,0.,0.,0.,1.,0.,0.,1.,0.,0.,0.,1.,0.,14.4386327012348,
0.,0.,1.,0.,0.,0.,0.,0.,1.,0.,0.,0.,0.,0.,1.,0.,0.,0.,0.,1.,1.,0.,0.,1.,0.,0.,0.,-14.083749862533,
0.,0.,1.,0.,0.,0.,0.,0.,1.,0.,0.,0.,0.,0.,1.,0.,0.,0.,0.,1.,0.,1.,0.,0.,1.,0.,0.,-19.803261429260,
0.,0.,1.,0.,0.,0.,0.,0.,0.,1.,1.,0.,0.,0.,0.,1.,0.,0.,0.,0.,0.,0.,1.,1.,0.,0.,0.,-31.055434327691,
0.,0.,1.,0.,0.,0.,0.,0.,0.,1.,1.,0.,0.,0.,0.,0.,0.,1.,0.,0.,0.,1.,0.,1.,0.,0.,0.,-16.012888598786,
0.,0.,1.,0.,0.,0.,0.,0.,0.,1.,1.,0.,0.,0.,0.,0.,0.,1.,0.,0.,0.,1.,0.,0.,1.,0.,0.,-21.773726479933,
0.,0.,1.,0.,0.,0.,0.,0.,0.,1.,1.,0.,0.,0.,0.,0.,0.,1.,0.,0.,0.,0.,1.,1.,0.,0.,0.,-18.863795036342,
0.,0.,1.,0.,0.,0.,0.,0.,0.,1.,1.,0.,0.,0.,0.,0.,0.,1.,0.,0.,0.,0.,1.,0.,1.,0.,0.,-24.466151077495,
0.,0.,1.,0.,0.,0.,0.,0.,0.,1.,1.,0.,0.,0.,0.,0.,0.,1.,0.,0.,0.,0.,1.,0.,0.,1.,0.,4.45453404741897,
0.,0.,1.,0.,0.,0.,0.,0.,0.,1.,1.,0.,0.,0.,0.,0.,0.,0.,1.,0.,1.,0.,0.,1.,0.,0.,0.,-5.4451541844199,
0.,0.,1.,0.,0.,0.,0.,0.,0.,1.,1.,0.,0.,0.,0.,0.,0.,0.,1.,0.,0.,1.,0.,1.,0.,0.,0.,-12.057346479536,
0.,0.,1.,0.,0.,0.,0.,0.,0.,1.,1.,0.,0.,0.,0.,0.,0.,0.,1.,0.,0.,0.,1.,1.,0.,0.,0.,-33.168850736672,
0.,0.,1.,0.,0.,0.,0.,0.,0.,1.,1.,0.,0.,0.,0.,0.,0.,0.,0.,1.,1.,0.,0.,1.,0.,0.,0.,-5.8938994233165,
0.,0.,1.,0.,0.,0.,0.,0.,0.,1.,1.,0.,0.,0.,0.,0.,0.,0.,0.,1.,0.,1.,0.,1.,0.,0.,0.,-12.005622203471,
0.,0.,1.,0.,0.,0.,0.,0.,0.,1.,1.,0.,0.,0.,0.,0.,0.,0.,0.,1.,0.,1.,0.,0.,1.,0.,0.,-16.626386048195,
0.,0.,1.,0.,0.,0.,0.,0.,0.,1.,0.,1.,0.,0.,0.,1.,0.,0.,0.,0.,0.,1.,0.,1.,0.,0.,0.,-25.232808900088,
0.,0.,1.,0.,0.,0.,0.,0.,0.,1.,0.,1.,0.,0.,0.,1.,0.,0.,0.,0.,0.,1.,0.,0.,1.,0.,0.,-32.511038441400,
0.,0.,1.,0.,0.,0.,0.,0.,0.,1.,0.,1.,0.,0.,0.,0.,0.,0.,1.,0.,0.,1.,0.,0.,1.,0.,0.,-30.818117030287,
0.,0.,1.,0.,0.,0.,0.,0.,0.,1.,0.,0.,1.,0.,0.,1.,0.,0.,0.,0.,0.,1.,0.,1.,0.,0.,0.,-16.036589837833,
0.,0.,1.,0.,0.,0.,0.,0.,0.,1.,0.,0.,1.,0.,0.,1.,0.,0.,0.,0.,0.,1.,0.,0.,1.,0.,0.,-22.302524252460,
0.,0.,1.,0.,0.,0.,0.,0.,0.,1.,0.,0.,1.,0.,0.,1.,0.,0.,0.,0.,0.,1.,0.,0.,0.,0.,1.,12.5354977964158,
0.,0.,1.,0.,0.,0.,0.,0.,0.,1.,0.,0.,1.,0.,0.,1.,0.,0.,0.,0.,0.,0.,1.,1.,0.,0.,0.,-18.750681161466,
0.,0.,1.,0.,0.,0.,0.,0.,0.,1.,0.,0.,1.,0.,0.,1.,0.,0.,0.,0.,0.,0.,1.,0.,1.,0.,0.,-24.987616834892,
0.,0.,1.,0.,0.,0.,0.,0.,0.,1.,0.,0.,1.,0.,0.,0.,0.,0.,1.,0.,1.,0.,0.,1.,0.,0.,0.,-17.649383884375,
0.,0.,1.,0.,0.,0.,0.,0.,0.,1.,0.,0.,1.,0.,0.,0.,0.,0.,1.,0.,0.,0.,1.,0.,1.,0.,0.,-25.161835775350,
0.,0.,1.,0.,0.,0.,0.,0.,0.,1.,0.,0.,1.,0.,0.,0.,0.,0.,0.,1.,0.,1.,0.,0.,0.,1.,0.,3.25102529323574,
0.,0.,1.,0.,0.,0.,0.,0.,0.,1.,0.,0.,1.,0.,0.,0.,0.,0.,0.,1.,0.,0.,1.,0.,1.,0.,0.,-25.578701311459,
0.,0.,1.,0.,0.,0.,0.,0.,0.,1.,0.,0.,0.,1.,0.,1.,0.,0.,0.,0.,0.,0.,1.,1.,0.,0.,0.,-28.033473440175,
0.,0.,1.,0.,0.,0.,0.,0.,0.,1.,0.,0.,0.,1.,0.,1.,0.,0.,0.,0.,0.,0.,1.,0.,1.,0.,0.,-20.422681747995,
0.,0.,1.,0.,0.,0.,0.,0.,0.,1.,0.,0.,0.,1.,0.,0.,0.,1.,0.,0.,0.,1.,0.,1.,0.,0.,0.,-16.912030364531,
0.,0.,1.,0.,0.,0.,0.,0.,0.,1.,0.,0.,0.,1.,0.,0.,0.,1.,0.,0.,0.,1.,0.,0.,1.,0.,0.,-21.297774177102,
0.,0.,1.,0.,0.,0.,0.,0.,0.,1.,0.,0.,0.,1.,0.,0.,0.,1.,0.,0.,0.,0.,1.,0.,1.,0.,0.,-22.696671689564,
0.,0.,1.,0.,0.,0.,0.,0.,0.,1.,0.,0.,0.,1.,0.,0.,0.,0.,1.,0.,0.,0.,1.,0.,1.,0.,0.,-21.199116564712,
0.,0.,1.,0.,0.,0.,0.,0.,0.,1.,0.,0.,0.,1.,0.,0.,0.,0.,0.,1.,1.,0.,0.,1.,0.,0.,0.,-8.3288383759193,
0.,0.,1.,0.,0.,0.,0.,0.,0.,1.,0.,0.,0.,1.,0.,0.,0.,0.,0.,1.,0.,0.,1.,0.,1.,0.,0.,-23.105520607034,
0.,0.,1.,0.,0.,0.,0.,0.,0.,1.,0.,0.,0.,0.,1.,1.,0.,0.,0.,0.,0.,1.,0.,1.,0.,0.,0.,-16.165706390851,
0.,0.,1.,0.,0.,0.,0.,0.,0.,1.,0.,0.,0.,0.,1.,1.,0.,0.,0.,0.,0.,0.,1.,1.,0.,0.,0.,-19.978813563838,
0.,0.,1.,0.,0.,0.,0.,0.,0.,1.,0.,0.,0.,0.,1.,0.,1.,0.,0.,0.,0.,1.,0.,0.,1.,0.,0.,-30.308130525478,
0.,0.,1.,0.,0.,0.,0.,0.,0.,1.,0.,0.,0.,0.,1.,0.,0.,0.,1.,0.,0.,0.,1.,0.,1.,0.,0.,-22.867729176092,
0.,0.,1.,0.,0.,0.,0.,0.,0.,1.,0.,0.,0.,0.,1.,0.,0.,0.,0.,1.,0.,0.,1.,0.,1.,0.,0.,-16.845709785229,
0.,0.,0.,1.,0.,1.,0.,0.,0.,0.,1.,0.,0.,0.,0.,1.,0.,0.,0.,0.,1.,0.,0.,1.,0.,0.,0.,7.61257244788337,
0.,0.,0.,1.,0.,1.,0.,0.,0.,0.,1.,0.,0.,0.,0.,1.,0.,0.,0.,0.,0.,1.,0.,1.,0.,0.,0.,-0.8552507095518,
0.,0.,0.,1.,0.,1.,0.,0.,0.,0.,1.,0.,0.,0.,0.,1.,0.,0.,0.,0.,0.,1.,0.,0.,0.,1.,0.,29.9341647335076,
0.,0.,0.,1.,0.,1.,0.,0.,0.,0.,1.,0.,0.,0.,0.,1.,0.,0.,0.,0.,0.,0.,1.,0.,1.,0.,0.,-3.1891288455852,
0.,0.,0.,1.,0.,1.,0.,0.,0.,0.,1.,0.,0.,0.,0.,1.,0.,0.,0.,0.,0.,0.,1.,0.,0.,1.,0.,29.9191415944031,
0.,0.,0.,1.,0.,1.,0.,0.,0.,0.,1.,0.,0.,0.,0.,1.,0.,0.,0.,0.,0.,0.,1.,0.,0.,0.,1.,33.5385203389887,
0.,0.,0.,1.,0.,1.,0.,0.,0.,0.,1.,0.,0.,0.,0.,0.,0.,1.,0.,0.,0.,1.,0.,1.,0.,0.,0.,-10.461671630886,
0.,0.,0.,1.,0.,1.,0.,0.,0.,0.,1.,0.,0.,0.,0.,0.,0.,0.,1.,0.,1.,0.,0.,1.,0.,0.,0.,4.97627317890298,
0.,0.,0.,1.,0.,1.,0.,0.,0.,0.,1.,0.,0.,0.,0.,0.,0.,0.,1.,0.,0.,1.,0.,1.,0.,0.,0.,-2.9578344783803,
0.,0.,0.,1.,0.,1.,0.,0.,0.,0.,1.,0.,0.,0.,0.,0.,0.,0.,1.,0.,0.,1.,0.,0.,1.,0.,0.,-8.8716564457820,
0.,0.,0.,1.,0.,1.,0.,0.,0.,0.,1.,0.,0.,0.,0.,0.,0.,0.,1.,0.,0.,1.,0.,0.,0.,1.,0.,26.8465087709763,
0.,0.,0.,1.,0.,1.,0.,0.,0.,0.,1.,0.,0.,0.,0.,0.,0.,0.,1.,0.,0.,0.,1.,0.,1.,0.,0.,-9.9942794319423,
0.,0.,0.,1.,0.,1.,0.,0.,0.,0.,1.,0.,0.,0.,0.,0.,0.,0.,0.,1.,1.,0.,0.,0.,0.,1.,0.,57.0512122590372,
0.,0.,0.,1.,0.,1.,0.,0.,0.,0.,1.,0.,0.,0.,0.,0.,0.,0.,0.,1.,0.,0.,1.,0.,1.,0.,0.,-16.267811684142,
0.,0.,0.,1.,0.,1.,0.,0.,0.,0.,1.,0.,0.,0.,0.,0.,0.,0.,0.,1.,0.,0.,1.,0.,0.,1.,0.,18.6874241768305,
0.,0.,0.,1.,0.,1.,0.,0.,0.,0.,0.,0.,1.,0.,0.,1.,0.,0.,0.,0.,0.,1.,0.,0.,1.,0.,0.,-15.404559881997,
0.,0.,0.,1.,0.,1.,0.,0.,0.,0.,0.,0.,1.,0.,0.,1.,0.,0.,0.,0.,0.,0.,1.,0.,1.,0.,0.,-16.160593214234,
0.,0.,0.,1.,0.,1.,0.,0.,0.,0.,0.,0.,1.,0.,0.,0.,0.,0.,1.,0.,0.,1.,0.,0.,1.,0.,0.,-15.183586347080,
0.,0.,0.,1.,0.,1.,0.,0.,0.,0.,0.,0.,1.,0.,0.,0.,0.,0.,1.,0.,0.,0.,1.,0.,1.,0.,0.,-16.419055984137,
0.,0.,0.,1.,0.,1.,0.,0.,0.,0.,0.,0.,1.,0.,0.,0.,0.,0.,0.,1.,1.,0.,0.,1.,0.,0.,0.,-13.962700118428,
0.,0.,0.,1.,0.,1.,0.,0.,0.,0.,0.,0.,1.,0.,0.,0.,0.,0.,0.,1.,0.,0.,1.,0.,1.,0.,0.,-20.675867697854,
0.,0.,0.,1.,0.,1.,0.,0.,0.,0.,0.,0.,0.,1.,0.,1.,0.,0.,0.,0.,1.,0.,0.,1.,0.,0.,0.,4.25160088739551,
0.,0.,0.,1.,0.,1.,0.,0.,0.,0.,0.,0.,0.,1.,0.,1.,0.,0.,0.,0.,0.,1.,0.,0.,0.,1.,0.,26.1144991165507,
0.,0.,0.,1.,0.,1.,0.,0.,0.,0.,0.,0.,0.,1.,0.,0.,0.,0.,1.,0.,1.,0.,0.,1.,0.,0.,0.,3.31972808784770,
0.,0.,0.,1.,0.,1.,0.,0.,0.,0.,0.,0.,0.,1.,0.,0.,0.,0.,1.,0.,0.,1.,0.,1.,0.,0.,0.,-5.4308460046441,
0.,0.,0.,1.,0.,1.,0.,0.,0.,0.,0.,0.,0.,1.,0.,0.,0.,0.,1.,0.,0.,1.,0.,0.,1.,0.,0.,-9.7334743345419,
0.,0.,0.,1.,0.,1.,0.,0.,0.,0.,0.,0.,0.,1.,0.,0.,0.,0.,1.,0.,0.,0.,1.,1.,0.,0.,0.,-8.8691146634907,
0.,0.,0.,1.,0.,1.,0.,0.,0.,0.,0.,0.,0.,1.,0.,0.,0.,0.,1.,0.,0.,0.,1.,0.,1.,0.,0.,-13.595748958011,
0.,0.,0.,1.,0.,1.,0.,0.,0.,0.,0.,0.,0.,1.,0.,0.,0.,0.,1.,0.,0.,0.,1.,0.,0.,1.,0.,16.1994091259048,
0.,0.,0.,1.,0.,1.,0.,0.,0.,0.,0.,0.,0.,1.,0.,0.,0.,0.,0.,1.,1.,0.,0.,0.,0.,1.,0.,54.1197189757955,
0.,0.,0.,1.,0.,1.,0.,0.,0.,0.,0.,0.,0.,1.,0.,0.,0.,0.,0.,1.,1.,0.,0.,0.,0.,0.,1.,57.1115863501406,
0.,0.,0.,1.,0.,1.,0.,0.,0.,0.,0.,0.,0.,1.,0.,0.,0.,0.,0.,1.,0.,0.,1.,1.,0.,0.,0.,-13.021135864900,
0.,0.,0.,1.,0.,1.,0.,0.,0.,0.,0.,0.,0.,1.,0.,0.,0.,0.,0.,1.,0.,0.,1.,0.,1.,0.,0.,-17.126368505396,
0.,0.,0.,1.,0.,1.,0.,0.,0.,0.,0.,0.,0.,1.,0.,0.,0.,0.,0.,1.,0.,0.,1.,0.,0.,1.,0.,14.8313840694249,
0.,0.,0.,1.,0.,1.,0.,0.,0.,0.,0.,0.,0.,0.,1.,1.,0.,0.,0.,0.,1.,0.,0.,0.,0.,1.,0.,55.7354440629788,
0.,0.,0.,1.,0.,1.,0.,0.,0.,0.,0.,0.,0.,0.,1.,1.,0.,0.,0.,0.,0.,1.,0.,0.,1.,0.,0.,-12.104899124096,
0.,0.,0.,1.,0.,1.,0.,0.,0.,0.,0.,0.,0.,0.,1.,1.,0.,0.,0.,0.,0.,1.,0.,0.,0.,0.,1.,26.5486610004043,
0.,0.,0.,1.,0.,1.,0.,0.,0.,0.,0.,0.,0.,0.,1.,1.,0.,0.,0.,0.,0.,0.,1.,1.,0.,0.,0.,-9.7887974028672,
0.,0.,0.,1.,0.,1.,0.,0.,0.,0.,0.,0.,0.,0.,1.,0.,0.,0.,1.,0.,1.,0.,0.,0.,0.,1.,0.,54.2820320261922,
0.,0.,0.,1.,0.,1.,0.,0.,0.,0.,0.,0.,0.,0.,1.,0.,0.,0.,0.,1.,1.,0.,0.,1.,0.,0.,0.,-5.1032116099350,
0.,0.,0.,1.,0.,1.,0.,0.,0.,0.,0.,0.,0.,0.,1.,0.,0.,0.,0.,1.,1.,0.,0.,0.,0.,1.,0.,48.1524565565949,
0.,0.,0.,1.,0.,1.,0.,0.,0.,0.,0.,0.,0.,0.,1.,0.,0.,0.,0.,1.,0.,1.,0.,0.,1.,0.,0.,-18.329415294850,
0.,0.,0.,1.,0.,1.,0.,0.,0.,0.,0.,0.,0.,0.,1.,0.,0.,0.,0.,1.,0.,1.,0.,0.,0.,1.,0.,15.1716243005515,
0.,0.,0.,1.,0.,1.,0.,0.,0.,0.,0.,0.,0.,0.,1.,0.,0.,0.,0.,1.,0.,1.,0.,0.,0.,0.,1.,17.5528274029411,
0.,0.,0.,1.,0.,1.,0.,0.,0.,0.,0.,0.,0.,0.,1.,0.,0.,0.,0.,1.,0.,0.,1.,1.,0.,0.,0.,-16.620660536281,
0.,0.,0.,1.,0.,1.,0.,0.,0.,0.,0.,0.,0.,0.,1.,0.,0.,0.,0.,1.,0.,0.,1.,0.,1.,0.,0.,-14.647963395780,
0.,0.,0.,1.,0.,0.,1.,0.,0.,0.,1.,0.,0.,0.,0.,1.,0.,0.,0.,0.,1.,0.,0.,1.,0.,0.,0.,-7.3567367537410,
0.,0.,0.,1.,0.,0.,1.,0.,0.,0.,1.,0.,0.,0.,0.,1.,0.,0.,0.,0.,0.,0.,1.,1.,0.,0.,0.,-2.9218188627828,
0.,0.,0.,1.,0.,0.,1.,0.,0.,0.,1.,0.,0.,0.,0.,0.,0.,0.,1.,0.,0.,1.,0.,0.,1.,0.,0.,-17.261857881463,
0.,0.,0.,1.,0.,0.,1.,0.,0.,0.,1.,0.,0.,0.,0.,0.,0.,0.,1.,0.,0.,1.,0.,0.,0.,1.,0.,16.1561714336487,
0.,0.,0.,1.,0.,0.,1.,0.,0.,0.,1.,0.,0.,0.,0.,0.,0.,0.,0.,1.,0.,1.,0.,1.,0.,0.,0.,-15.964222559432,
0.,0.,0.,1.,0.,0.,1.,0.,0.,0.,1.,0.,0.,0.,0.,0.,0.,0.,0.,1.,0.,0.,1.,1.,0.,0.,0.,-17.999456038197,
0.,0.,0.,1.,0.,0.,1.,0.,0.,0.,1.,0.,0.,0.,0.,0.,0.,0.,0.,1.,0.,0.,1.,0.,0.,1.,0.,11.2742405541390,
0.,0.,0.,1.,0.,0.,1.,0.,0.,0.,0.,0.,0.,1.,0.,1.,0.,0.,0.,0.,0.,1.,0.,1.,0.,0.,0.,-11.832684498138,
0.,0.,0.,1.,0.,0.,1.,0.,0.,0.,0.,0.,0.,1.,0.,1.,0.,0.,0.,0.,0.,1.,0.,0.,1.,0.,0.,-15.012522723785,
0.,0.,0.,1.,0.,0.,1.,0.,0.,0.,0.,0.,0.,1.,0.,1.,0.,0.,0.,0.,0.,0.,1.,0.,1.,0.,0.,-19.191805946380,
0.,0.,0.,1.,0.,0.,1.,0.,0.,0.,0.,0.,0.,1.,0.,0.,0.,0.,0.,1.,1.,0.,0.,1.,0.,0.,0.,-9.5133477221446,
0.,0.,0.,1.,0.,0.,1.,0.,0.,0.,0.,0.,0.,1.,0.,0.,0.,0.,0.,1.,0.,0.,1.,1.,0.,0.,0.,-17.447877822066,
0.,0.,0.,1.,0.,0.,1.,0.,0.,0.,0.,0.,0.,1.,0.,0.,0.,0.,0.,1.,0.,0.,1.,0.,1.,0.,0.,-18.137450176342,
0.,0.,0.,1.,0.,0.,1.,0.,0.,0.,0.,0.,0.,0.,1.,1.,0.,0.,0.,0.,1.,0.,0.,1.,0.,0.,0.,-5.7796695755794,
0.,0.,0.,1.,0.,0.,1.,0.,0.,0.,0.,0.,0.,0.,1.,1.,0.,0.,0.,0.,0.,0.,1.,1.,0.,0.,0.,-15.072539212092,
0.,0.,0.,1.,0.,0.,1.,0.,0.,0.,0.,0.,0.,0.,1.,1.,0.,0.,0.,0.,0.,0.,1.,0.,1.,0.,0.,-20.377849781400,
0.,0.,0.,1.,0.,0.,1.,0.,0.,0.,0.,0.,0.,0.,1.,0.,0.,0.,1.,0.,1.,0.,0.,1.,0.,0.,0.,-9.8263200659802,
0.,0.,0.,1.,0.,0.,1.,0.,0.,0.,0.,0.,0.,0.,1.,0.,0.,0.,1.,0.,0.,1.,0.,1.,0.,0.,0.,-13.884772638461,
0.,0.,0.,1.,0.,0.,1.,0.,0.,0.,0.,0.,0.,0.,1.,0.,0.,0.,1.,0.,0.,1.,0.,0.,1.,0.,0.,-13.361460877260,
0.,0.,0.,1.,0.,0.,1.,0.,0.,0.,0.,0.,0.,0.,1.,0.,0.,0.,0.,1.,0.,1.,0.,0.,1.,0.,0.,-19.216644863906,
0.,0.,0.,1.,0.,0.,1.,0.,0.,0.,0.,0.,0.,0.,1.,0.,0.,0.,0.,1.,0.,1.,0.,0.,0.,0.,1.,13.9218506020773,
0.,0.,0.,1.,0.,0.,0.,1.,0.,0.,1.,0.,0.,0.,0.,1.,0.,0.,0.,0.,0.,1.,0.,0.,1.,0.,0.,-12.386616344229,
0.,0.,0.,1.,0.,0.,0.,1.,0.,0.,1.,0.,0.,0.,0.,1.,0.,0.,0.,0.,0.,0.,1.,0.,1.,0.,0.,-7.2121875109937,
0.,0.,0.,1.,0.,0.,0.,1.,0.,0.,1.,0.,0.,0.,0.,1.,0.,0.,0.,0.,0.,0.,1.,0.,0.,1.,0.,23.4565629318033,
0.,0.,0.,1.,0.,0.,0.,1.,0.,0.,1.,0.,0.,0.,0.,0.,0.,0.,1.,0.,0.,1.,0.,0.,1.,0.,0.,-12.919261044823,
0.,0.,0.,1.,0.,0.,0.,1.,0.,0.,1.,0.,0.,0.,0.,0.,0.,0.,1.,0.,0.,1.,0.,0.,0.,1.,0.,19.5177281154966,
0.,0.,0.,1.,0.,0.,0.,1.,0.,0.,1.,0.,0.,0.,0.,0.,0.,0.,0.,1.,1.,0.,0.,1.,0.,0.,0.,-8.3044261981319,
0.,0.,0.,1.,0.,0.,0.,1.,0.,0.,1.,0.,0.,0.,0.,0.,0.,0.,0.,1.,0.,1.,0.,1.,0.,0.,0.,-13.012368464508,
0.,0.,0.,1.,0.,0.,0.,1.,0.,0.,1.,0.,0.,0.,0.,0.,0.,0.,0.,1.,0.,1.,0.,0.,1.,0.,0.,-14.777917200817,
0.,0.,0.,1.,0.,0.,0.,1.,0.,0.,0.,0.,0.,1.,0.,1.,0.,0.,0.,0.,0.,1.,0.,1.,0.,0.,0.,-8.6901263538629,
0.,0.,0.,1.,0.,0.,0.,1.,0.,0.,0.,0.,0.,1.,0.,1.,0.,0.,0.,0.,0.,1.,0.,0.,1.,0.,0.,-13.216003898874,
0.,0.,0.,1.,0.,0.,0.,1.,0.,0.,0.,0.,0.,1.,0.,1.,0.,0.,0.,0.,0.,0.,1.,0.,1.,0.,0.,-15.789946792771,
0.,0.,0.,1.,0.,0.,0.,1.,0.,0.,0.,0.,0.,1.,0.,0.,0.,0.,1.,0.,1.,0.,0.,1.,0.,0.,0.,-3.4381690812269,
0.,0.,0.,1.,0.,0.,0.,1.,0.,0.,0.,0.,0.,1.,0.,0.,0.,0.,1.,0.,0.,1.,0.,1.,0.,0.,0.,-9.4177816643741,
0.,0.,0.,1.,0.,0.,0.,1.,0.,0.,0.,0.,0.,1.,0.,0.,0.,0.,1.,0.,0.,1.,0.,0.,1.,0.,0.,-13.070699490526,
0.,0.,0.,1.,0.,0.,0.,1.,0.,0.,0.,0.,0.,1.,0.,0.,0.,0.,1.,0.,0.,1.,0.,0.,0.,1.,0.,15.9630257680339,
0.,0.,0.,1.,0.,0.,0.,1.,0.,0.,0.,0.,0.,1.,0.,0.,0.,0.,0.,1.,0.,1.,0.,1.,0.,0.,0.,-14.603713471014,
0.,0.,0.,1.,0.,0.,0.,1.,0.,0.,0.,0.,0.,1.,0.,0.,0.,0.,0.,1.,0.,1.,0.,0.,1.,0.,0.,-15.095492913195,
0.,0.,0.,1.,0.,0.,0.,1.,0.,0.,0.,0.,0.,1.,0.,0.,0.,0.,0.,1.,0.,1.,0.,0.,0.,1.,0.,15.1253939340949,
0.,0.,0.,1.,0.,0.,0.,1.,0.,0.,0.,0.,0.,1.,0.,0.,0.,0.,0.,1.,0.,0.,1.,1.,0.,0.,0.,-16.865634765059,
0.,0.,0.,1.,0.,0.,0.,1.,0.,0.,0.,0.,0.,1.,0.,0.,0.,0.,0.,1.,0.,0.,1.,0.,1.,0.,0.,-18.288817702507,
0.,0.,0.,1.,0.,0.,0.,1.,0.,0.,0.,0.,0.,0.,1.,1.,0.,0.,0.,0.,1.,0.,0.,1.,0.,0.,0.,-5.8118223724465,
0.,0.,0.,1.,0.,0.,0.,1.,0.,0.,0.,0.,0.,0.,1.,1.,0.,0.,0.,0.,1.,0.,0.,0.,0.,0.,1.,49.0935044632113,
0.,0.,0.,1.,0.,0.,0.,1.,0.,0.,0.,0.,0.,0.,1.,0.,0.,1.,0.,0.,0.,0.,1.,0.,0.,1.,0.,6.52946687300639,
0.,0.,0.,1.,0.,0.,0.,1.,0.,0.,0.,0.,0.,0.,1.,0.,0.,0.,1.,0.,0.,1.,0.,0.,0.,0.,1.,18.0491848149414,
0.,0.,0.,1.,0.,0.,0.,1.,0.,0.,0.,0.,0.,0.,1.,0.,0.,0.,1.,0.,0.,0.,1.,0.,1.,0.,0.,-17.270782591689,
0.,0.,0.,1.,0.,0.,0.,1.,0.,0.,0.,0.,0.,0.,1.,0.,0.,0.,0.,1.,1.,0.,0.,1.,0.,0.,0.,-12.577190078190,
0.,0.,0.,1.,0.,0.,0.,1.,0.,0.,0.,0.,0.,0.,1.,0.,0.,0.,0.,1.,0.,1.,0.,0.,1.,0.,0.,-20.539755895515,
0.,0.,0.,1.,0.,0.,0.,1.,0.,0.,0.,0.,0.,0.,1.,0.,0.,0.,0.,1.,0.,1.,0.,0.,0.,1.,0.,9.84861116175417,
0.,0.,0.,1.,0.,0.,0.,1.,0.,0.,0.,0.,0.,0.,1.,0.,0.,0.,0.,1.,0.,1.,0.,0.,0.,0.,1.,13.1466429462756,
0.,0.,0.,1.,0.,0.,0.,0.,1.,0.,1.,0.,0.,0.,0.,1.,0.,0.,0.,0.,0.,1.,0.,1.,0.,0.,0.,-1.6924115439690,
0.,0.,0.,1.,0.,0.,0.,0.,1.,0.,1.,0.,0.,0.,0.,1.,0.,0.,0.,0.,0.,1.,0.,0.,1.,0.,0.,-7.2186564699591,
0.,0.,0.,1.,0.,0.,0.,0.,1.,0.,1.,0.,0.,0.,0.,1.,0.,0.,0.,0.,0.,1.,0.,0.,0.,1.,0.,29.8813719570321,
0.,0.,0.,1.,0.,0.,0.,0.,1.,0.,1.,0.,0.,0.,0.,1.,0.,0.,0.,0.,0.,0.,1.,1.,0.,0.,0.,-5.6226725114046,
0.,0.,0.,1.,0.,0.,0.,0.,1.,0.,1.,0.,0.,0.,0.,1.,0.,0.,0.,0.,0.,0.,1.,0.,1.,0.,0.,-10.713118322399,
0.,0.,0.,1.,0.,0.,0.,0.,1.,0.,1.,0.,0.,0.,0.,1.,0.,0.,0.,0.,0.,0.,1.,0.,0.,1.,0.,23.2019155009740,
0.,0.,0.,1.,0.,0.,0.,0.,1.,0.,1.,0.,0.,0.,0.,0.,0.,1.,0.,0.,0.,1.,0.,0.,1.,0.,0.,-15.223113258236,
0.,0.,0.,1.,0.,0.,0.,0.,1.,0.,1.,0.,0.,0.,0.,0.,0.,1.,0.,0.,0.,0.,1.,0.,1.,0.,0.,-16.234557423800,
0.,0.,0.,1.,0.,0.,0.,0.,1.,0.,1.,0.,0.,0.,0.,0.,0.,0.,1.,0.,1.,0.,0.,1.,0.,0.,0.,4.85345887446574,
0.,0.,0.,1.,0.,0.,0.,0.,1.,0.,1.,0.,0.,0.,0.,0.,0.,0.,1.,0.,0.,1.,0.,1.,0.,0.,0.,-4.3074024158220,
0.,0.,0.,1.,0.,0.,0.,0.,1.,0.,1.,0.,0.,0.,0.,0.,0.,0.,1.,0.,0.,1.,0.,0.,0.,1.,0.,25.7934403388734,
0.,0.,0.,1.,0.,0.,0.,0.,1.,0.,1.,0.,0.,0.,0.,0.,0.,0.,1.,0.,0.,0.,1.,1.,0.,0.,0.,-8.4024949600489,
0.,0.,0.,1.,0.,0.,0.,0.,1.,0.,1.,0.,0.,0.,0.,0.,0.,0.,1.,0.,0.,0.,1.,0.,1.,0.,0.,-12.259942550690,
0.,0.,0.,1.,0.,0.,0.,0.,1.,0.,1.,0.,0.,0.,0.,0.,0.,0.,0.,1.,1.,0.,0.,0.,0.,1.,0.,55.3787445180430,
0.,0.,0.,1.,0.,0.,0.,0.,1.,0.,1.,0.,0.,0.,0.,0.,0.,0.,0.,1.,0.,1.,0.,0.,1.,0.,0.,-10.582726936050,
0.,0.,0.,1.,0.,0.,0.,0.,1.,0.,1.,0.,0.,0.,0.,0.,0.,0.,0.,1.,0.,1.,0.,0.,0.,1.,0.,23.4290485735546,
0.,0.,0.,1.,0.,0.,0.,0.,1.,0.,1.,0.,0.,0.,0.,0.,0.,0.,0.,1.,0.,1.,0.,0.,0.,0.,1.,26.9486609862631,
0.,0.,0.,1.,0.,0.,0.,0.,1.,0.,1.,0.,0.,0.,0.,0.,0.,0.,0.,1.,0.,0.,1.,0.,0.,1.,0.,16.4694267845461,
0.,0.,0.,1.,0.,0.,0.,0.,1.,0.,1.,0.,0.,0.,0.,0.,0.,0.,0.,1.,0.,0.,1.,0.,0.,0.,1.,19.7961862586389,
0.,0.,0.,1.,0.,0.,0.,0.,1.,0.,0.,1.,0.,0.,0.,0.,0.,0.,0.,1.,0.,1.,0.,1.,0.,0.,0.,-16.854390979094,
0.,0.,0.,1.,0.,0.,0.,0.,1.,0.,0.,0.,1.,0.,0.,1.,0.,0.,0.,0.,1.,0.,0.,1.,0.,0.,0.,-8.3418917591718,
0.,0.,0.,1.,0.,0.,0.,0.,1.,0.,0.,0.,1.,0.,0.,1.,0.,0.,0.,0.,0.,1.,0.,1.,0.,0.,0.,-10.248799968182,
0.,0.,0.,1.,0.,0.,0.,0.,1.,0.,0.,0.,1.,0.,0.,1.,0.,0.,0.,0.,0.,1.,0.,0.,1.,0.,0.,-15.223436657517,
0.,0.,0.,1.,0.,0.,0.,0.,1.,0.,0.,0.,1.,0.,0.,0.,0.,0.,1.,0.,1.,0.,0.,1.,0.,0.,0.,-9.4018796168588,
0.,0.,0.,1.,0.,0.,0.,0.,1.,0.,0.,0.,1.,0.,0.,0.,0.,0.,0.,1.,0.,1.,0.,0.,1.,0.,0.,-18.090225646105,
0.,0.,0.,1.,0.,0.,0.,0.,1.,0.,0.,0.,0.,1.,0.,1.,0.,0.,0.,0.,1.,0.,0.,1.,0.,0.,0.,4.85247720002277,
0.,0.,0.,1.,0.,0.,0.,0.,1.,0.,0.,0.,0.,1.,0.,1.,0.,0.,0.,0.,0.,1.,0.,1.,0.,0.,0.,-4.3062777822724,
0.,0.,0.,1.,0.,0.,0.,0.,1.,0.,0.,0.,0.,1.,0.,1.,0.,0.,0.,0.,0.,1.,0.,0.,0.,1.,0.,25.7918548765337,
0.,0.,0.,1.,0.,0.,0.,0.,1.,0.,0.,0.,0.,1.,0.,1.,0.,0.,0.,0.,0.,0.,1.,1.,0.,0.,0.,-8.3805436840567,
0.,0.,0.,1.,0.,0.,0.,0.,1.,0.,0.,0.,0.,1.,0.,0.,0.,0.,1.,0.,0.,1.,0.,1.,0.,0.,0.,-6.0867940212834,
0.,0.,0.,1.,0.,0.,0.,0.,1.,0.,0.,0.,0.,1.,0.,0.,0.,0.,0.,1.,1.,0.,0.,1.,0.,0.,0.,1.89759697059722,
0.,0.,0.,1.,0.,0.,0.,0.,1.,0.,0.,0.,0.,1.,0.,0.,0.,0.,0.,1.,0.,0.,1.,1.,0.,0.,0.,-13.318662214151,
0.,0.,0.,1.,0.,0.,0.,0.,1.,0.,0.,0.,0.,0.,1.,1.,0.,0.,0.,0.,1.,0.,0.,1.,0.,0.,0.,1.22222856325340,
0.,0.,0.,1.,0.,0.,0.,0.,1.,0.,0.,0.,0.,0.,1.,1.,0.,0.,0.,0.,0.,1.,0.,1.,0.,0.,0.,-6.7554537269120,
0.,0.,0.,1.,0.,0.,0.,0.,1.,0.,0.,0.,0.,0.,1.,0.,0.,1.,0.,0.,0.,0.,1.,0.,1.,0.,0.,-19.925322356257,
0.,0.,0.,1.,0.,0.,0.,0.,1.,0.,0.,0.,0.,0.,1.,0.,0.,0.,1.,0.,1.,0.,0.,1.,0.,0.,0.,1.89251179645242,
0.,0.,0.,1.,0.,0.,0.,0.,1.,0.,0.,0.,0.,0.,1.,0.,0.,0.,1.,0.,1.,0.,0.,0.,0.,0.,1.,53.5029266836880,
0.,0.,0.,1.,0.,0.,0.,0.,1.,0.,0.,0.,0.,0.,1.,0.,0.,0.,1.,0.,0.,1.,0.,1.,0.,0.,0.,-9.1181520688798,
0.,0.,0.,1.,0.,0.,0.,0.,1.,0.,0.,0.,0.,0.,1.,0.,0.,0.,1.,0.,0.,1.,0.,0.,1.,0.,0.,-10.065824987864,
0.,0.,0.,1.,0.,0.,0.,0.,1.,0.,0.,0.,0.,0.,1.,0.,0.,0.,0.,1.,1.,0.,0.,0.,0.,1.,0.,53.2364511263630,
0.,0.,0.,1.,0.,0.,0.,0.,1.,0.,0.,0.,0.,0.,1.,0.,0.,0.,0.,1.,0.,1.,0.,1.,0.,0.,0.,-15.027840088019,
0.,0.,0.,1.,0.,0.,0.,0.,1.,0.,0.,0.,0.,0.,1.,0.,0.,0.,0.,1.,0.,1.,0.,0.,1.,0.,0.,-15.405257250928,
0.,0.,0.,1.,0.,0.,0.,0.,1.,0.,0.,0.,0.,0.,1.,0.,0.,0.,0.,1.,0.,1.,0.,0.,0.,1.,0.,14.7103868070176,
0.,0.,0.,1.,0.,0.,0.,0.,1.,0.,0.,0.,0.,0.,1.,0.,0.,0.,0.,1.,0.,0.,1.,0.,1.,0.,0.,-20.420697811524,
0.,0.,0.,1.,0.,0.,0.,0.,0.,1.,1.,0.,0.,0.,0.,0.,1.,0.,0.,0.,1.,0.,0.,1.,0.,0.,0.,-24.289873866006,
0.,0.,0.,1.,0.,0.,0.,0.,0.,1.,1.,0.,0.,0.,0.,0.,0.,1.,0.,0.,1.,0.,0.,1.,0.,0.,0.,-17.713862570170,
0.,0.,0.,1.,0.,0.,0.,0.,0.,1.,1.,0.,0.,0.,0.,0.,0.,1.,0.,0.,0.,1.,0.,1.,0.,0.,0.,-23.067293043107,
0.,0.,0.,1.,0.,0.,0.,0.,0.,1.,1.,0.,0.,0.,0.,0.,0.,0.,1.,0.,1.,0.,0.,1.,0.,0.,0.,-4.9143216368873,
0.,0.,0.,1.,0.,0.,0.,0.,0.,1.,1.,0.,0.,0.,0.,0.,0.,0.,1.,0.,0.,1.,0.,1.,0.,0.,0.,-6.8200987589755,
0.,0.,0.,1.,0.,0.,0.,0.,0.,1.,1.,0.,0.,0.,0.,0.,0.,0.,1.,0.,0.,1.,0.,0.,1.,0.,0.,-10.592171641062,
0.,0.,0.,1.,0.,0.,0.,0.,0.,1.,1.,0.,0.,0.,0.,0.,0.,0.,1.,0.,0.,0.,1.,1.,0.,0.,0.,-21.778451046105,
0.,0.,0.,1.,0.,0.,0.,0.,0.,1.,1.,0.,0.,0.,0.,0.,0.,0.,1.,0.,0.,0.,1.,0.,1.,0.,0.,-15.362488335896,
0.,0.,0.,1.,0.,0.,0.,0.,0.,1.,0.,1.,0.,0.,0.,1.,0.,0.,0.,0.,0.,0.,1.,0.,1.,0.,0.,-36.769183330616,
0.,0.,0.,1.,0.,0.,0.,0.,0.,1.,0.,0.,1.,0.,0.,1.,0.,0.,0.,0.,0.,1.,0.,1.,0.,0.,0.,-22.590705749474,
0.,0.,0.,1.,0.,0.,0.,0.,0.,1.,0.,0.,1.,0.,0.,1.,0.,0.,0.,0.,0.,0.,1.,1.,0.,0.,0.,-21.221385045004,
0.,0.,0.,1.,0.,0.,0.,0.,0.,1.,0.,0.,1.,0.,0.,1.,0.,0.,0.,0.,0.,0.,1.,0.,1.,0.,0.,-27.221707236695,
0.,0.,0.,1.,0.,0.,0.,0.,0.,1.,0.,0.,1.,0.,0.,0.,0.,0.,1.,0.,1.,0.,0.,1.,0.,0.,0.,-19.009311676605,
0.,0.,0.,1.,0.,0.,0.,0.,0.,1.,0.,0.,1.,0.,0.,0.,0.,0.,1.,0.,0.,0.,1.,1.,0.,0.,0.,-24.592398933829,
0.,0.,0.,1.,0.,0.,0.,0.,0.,1.,0.,0.,1.,0.,0.,0.,0.,0.,0.,1.,0.,1.,0.,1.,0.,0.,0.,-21.247458993193,
0.,0.,0.,1.,0.,0.,0.,0.,0.,1.,0.,0.,0.,1.,0.,1.,0.,0.,0.,0.,1.,0.,0.,1.,0.,0.,0.,-6.0828071466697,
0.,0.,0.,1.,0.,0.,0.,0.,0.,1.,0.,0.,0.,1.,0.,1.,0.,0.,0.,0.,0.,0.,1.,1.,0.,0.,0.,-23.635867829999,
0.,0.,0.,1.,0.,0.,0.,0.,0.,1.,0.,0.,0.,1.,0.,1.,0.,0.,0.,0.,0.,0.,1.,0.,1.,0.,0.,-15.631439845478,
0.,0.,0.,1.,0.,0.,0.,0.,0.,1.,0.,0.,0.,1.,0.,0.,1.,0.,0.,0.,0.,1.,0.,1.,0.,0.,0.,-23.854332774546,
0.,0.,0.,1.,0.,0.,0.,0.,0.,1.,0.,0.,0.,1.,0.,0.,0.,1.,0.,0.,1.,0.,0.,1.,0.,0.,0.,-19.533874749108,
0.,0.,0.,1.,0.,0.,0.,0.,0.,1.,0.,0.,0.,1.,0.,0.,0.,1.,0.,0.,0.,1.,0.,1.,0.,0.,0.,-22.992412097888,
0.,0.,0.,1.,0.,0.,0.,0.,0.,1.,0.,0.,0.,1.,0.,0.,0.,0.,1.,0.,0.,1.,0.,1.,0.,0.,0.,-16.700728349693,
0.,0.,0.,1.,0.,0.,0.,0.,0.,1.,0.,0.,0.,1.,0.,0.,0.,0.,1.,0.,0.,0.,1.,1.,0.,0.,0.,-21.660410945516,
0.,0.,0.,1.,0.,0.,0.,0.,0.,1.,0.,0.,0.,1.,0.,0.,0.,0.,0.,1.,0.,1.,0.,1.,0.,0.,0.,-16.346503353338,
0.,0.,0.,1.,0.,0.,0.,0.,0.,1.,0.,0.,0.,1.,0.,0.,0.,0.,0.,1.,0.,1.,0.,0.,1.,0.,0.,-20.075407652253,
0.,0.,0.,1.,0.,0.,0.,0.,0.,1.,0.,0.,0.,0.,1.,0.,0.,1.,0.,0.,1.,0.,0.,1.,0.,0.,0.,-22.292649240519,
0.,0.,0.,1.,0.,0.,0.,0.,0.,1.,0.,0.,0.,0.,1.,0.,0.,0.,1.,0.,0.,1.,0.,1.,0.,0.,0.,-20.672701409316,
0.,0.,0.,1.,0.,0.,0.,0.,0.,1.,0.,0.,0.,0.,1.,0.,0.,0.,1.,0.,0.,1.,0.,0.,1.,0.,0.,-23.032239660580,
0.,0.,0.,1.,0.,0.,0.,0.,0.,1.,0.,0.,0.,0.,1.,0.,0.,0.,1.,0.,0.,0.,1.,0.,1.,0.,0.,-28.246285932175,
0.,0.,0.,0.,1.,1.,0.,0.,0.,0.,1.,0.,0.,0.,0.,1.,0.,0.,0.,0.,1.,0.,0.,1.,0.,0.,0.,3.86541965691659,
0.,0.,0.,0.,1.,1.,0.,0.,0.,0.,1.,0.,0.,0.,0.,0.,0.,1.,0.,0.,0.,1.,0.,0.,1.,0.,0.,-26.959435520880,
0.,0.,0.,0.,1.,1.,0.,0.,0.,0.,1.,0.,0.,0.,0.,0.,0.,1.,0.,0.,0.,0.,1.,1.,0.,0.,0.,-22.163334823615,
0.,0.,0.,0.,1.,1.,0.,0.,0.,0.,1.,0.,0.,0.,0.,0.,0.,0.,1.,0.,0.,0.,1.,1.,0.,0.,0.,-15.769889167959,
0.,0.,0.,0.,1.,1.,0.,0.,0.,0.,1.,0.,0.,0.,0.,0.,0.,0.,0.,1.,0.,0.,1.,0.,1.,0.,0.,-24.735482469418,
0.,0.,0.,0.,1.,1.,0.,0.,0.,0.,0.,1.,0.,0.,0.,0.,0.,0.,0.,1.,1.,0.,0.,1.,0.,0.,0.,-25.170359398279,
0.,0.,0.,0.,1.,1.,0.,0.,0.,0.,0.,1.,0.,0.,0.,0.,0.,0.,0.,1.,0.,1.,0.,1.,0.,0.,0.,-26.937547405897,
0.,0.,0.,0.,1.,1.,0.,0.,0.,0.,0.,0.,1.,0.,0.,1.,0.,0.,0.,0.,0.,0.,1.,1.,0.,0.,0.,-21.619855162978,
0.,0.,0.,0.,1.,1.,0.,0.,0.,0.,0.,0.,1.,0.,0.,1.,0.,0.,0.,0.,0.,0.,1.,0.,1.,0.,0.,-27.554272007008,
0.,0.,0.,0.,1.,1.,0.,0.,0.,0.,0.,0.,1.,0.,0.,0.,0.,0.,1.,0.,0.,1.,0.,1.,0.,0.,0.,-20.028144135043,
0.,0.,0.,0.,1.,1.,0.,0.,0.,0.,0.,0.,1.,0.,0.,0.,0.,0.,1.,0.,0.,1.,0.,0.,1.,0.,0.,-23.991102347606,
0.,0.,0.,0.,1.,1.,0.,0.,0.,0.,0.,0.,1.,0.,0.,0.,0.,0.,0.,1.,0.,0.,1.,1.,0.,0.,0.,-25.061992377251,
0.,0.,0.,0.,1.,1.,0.,0.,0.,0.,0.,0.,1.,0.,0.,0.,0.,0.,0.,1.,0.,0.,1.,0.,1.,0.,0.,-27.874717935743,
0.,0.,0.,0.,1.,1.,0.,0.,0.,0.,0.,0.,0.,1.,0.,1.,0.,0.,0.,0.,0.,1.,0.,1.,0.,0.,0.,-11.596581025940,
0.,0.,0.,0.,1.,1.,0.,0.,0.,0.,0.,0.,0.,1.,0.,1.,0.,0.,0.,0.,0.,1.,0.,0.,1.,0.,0.,-18.039634064526,
0.,0.,0.,0.,1.,1.,0.,0.,0.,0.,0.,0.,0.,1.,0.,0.,0.,1.,0.,0.,0.,0.,1.,1.,0.,0.,0.,-23.779868636501,
0.,0.,0.,0.,1.,1.,0.,0.,0.,0.,0.,0.,0.,1.,0.,0.,0.,1.,0.,0.,0.,0.,1.,0.,1.,0.,0.,-28.460711740171,
0.,0.,0.,0.,1.,1.,0.,0.,0.,0.,0.,0.,0.,1.,0.,0.,0.,0.,1.,0.,1.,0.,0.,1.,0.,0.,0.,-4.1644199532364,
0.,0.,0.,0.,1.,1.,0.,0.,0.,0.,0.,0.,0.,1.,0.,0.,0.,0.,1.,0.,0.,0.,1.,1.,0.,0.,0.,-18.079586252925,
0.,0.,0.,0.,1.,1.,0.,0.,0.,0.,0.,0.,0.,1.,0.,0.,0.,0.,1.,0.,0.,0.,1.,0.,1.,0.,0.,-23.084061042065,
0.,0.,0.,0.,1.,1.,0.,0.,0.,0.,0.,0.,0.,1.,0.,0.,0.,0.,0.,1.,1.,0.,0.,1.,0.,0.,0.,-6.6261027106966,
0.,0.,0.,0.,1.,1.,0.,0.,0.,0.,0.,0.,0.,1.,0.,0.,0.,0.,0.,1.,0.,1.,0.,1.,0.,0.,0.,-17.382671086712,
0.,0.,0.,0.,1.,1.,0.,0.,0.,0.,0.,0.,0.,1.,0.,0.,0.,0.,0.,1.,0.,1.,0.,0.,1.,0.,0.,-20.255386534430,
0.,0.,0.,0.,1.,1.,0.,0.,0.,0.,0.,0.,0.,1.,0.,0.,0.,0.,0.,1.,0.,0.,1.,1.,0.,0.,0.,-21.847372202658,
0.,0.,0.,0.,1.,1.,0.,0.,0.,0.,0.,0.,0.,1.,0.,0.,0.,0.,0.,1.,0.,0.,1.,0.,1.,0.,0.,-25.184787754103,
0.,0.,0.,0.,1.,1.,0.,0.,0.,0.,0.,0.,0.,0.,1.,1.,0.,0.,0.,0.,1.,0.,0.,1.,0.,0.,0.,-1.0772644128541,
0.,0.,0.,0.,1.,1.,0.,0.,0.,0.,0.,0.,0.,0.,1.,0.,0.,1.,0.,0.,0.,1.,0.,1.,0.,0.,0.,-22.269744432202,
0.,0.,0.,0.,1.,1.,0.,0.,0.,0.,0.,0.,0.,0.,1.,0.,0.,0.,1.,0.,0.,0.,1.,1.,0.,0.,0.,-16.285464897674,
0.,0.,0.,0.,1.,1.,0.,0.,0.,0.,0.,0.,0.,0.,1.,0.,0.,0.,1.,0.,0.,0.,1.,0.,1.,0.,0.,-21.175852479296,
0.,0.,0.,0.,1.,1.,0.,0.,0.,0.,0.,0.,0.,0.,1.,0.,0.,0.,0.,1.,1.,0.,0.,1.,0.,0.,0.,-6.6917217535558,
0.,0.,0.,0.,1.,1.,0.,0.,0.,0.,0.,0.,0.,0.,1.,0.,0.,0.,0.,1.,0.,1.,0.,1.,0.,0.,0.,-22.712450634292,
0.,0.,0.,0.,1.,1.,0.,0.,0.,0.,0.,0.,0.,0.,1.,0.,0.,0.,0.,1.,0.,1.,0.,0.,1.,0.,0.,-25.609662895178,
0.,0.,0.,0.,1.,0.,1.,0.,0.,0.,1.,0.,0.,0.,0.,1.,0.,0.,0.,0.,1.,0.,0.,1.,0.,0.,0.,-3.4659705568704,
0.,0.,0.,0.,1.,0.,1.,0.,0.,0.,1.,0.,0.,0.,0.,1.,0.,0.,0.,0.,0.,1.,0.,1.,0.,0.,0.,-10.327754302049,
0.,0.,0.,0.,1.,0.,1.,0.,0.,0.,1.,0.,0.,0.,0.,0.,1.,0.,0.,0.,0.,1.,0.,1.,0.,0.,0.,-27.840437504363,
0.,0.,0.,0.,1.,0.,1.,0.,0.,0.,1.,0.,0.,0.,0.,0.,0.,1.,0.,0.,1.,0.,0.,1.,0.,0.,0.,-17.517617477550,
0.,0.,0.,0.,1.,0.,1.,0.,0.,0.,1.,0.,0.,0.,0.,0.,0.,1.,0.,0.,0.,1.,0.,1.,0.,0.,0.,-20.340803519565,
0.,0.,0.,0.,1.,0.,1.,0.,0.,0.,1.,0.,0.,0.,0.,0.,0.,1.,0.,0.,0.,1.,0.,0.,1.,0.,0.,-26.389910038016,
0.,0.,0.,0.,1.,0.,1.,0.,0.,0.,1.,0.,0.,0.,0.,0.,0.,1.,0.,0.,0.,0.,1.,0.,1.,0.,0.,-32.015243249331,
0.,0.,0.,0.,1.,0.,1.,0.,0.,0.,1.,0.,0.,0.,0.,0.,0.,0.,1.,0.,1.,0.,0.,1.,0.,0.,0.,-7.7330312498595,
0.,0.,0.,0.,1.,0.,1.,0.,0.,0.,1.,0.,0.,0.,0.,0.,0.,0.,1.,0.,0.,1.,0.,1.,0.,0.,0.,-15.233310453297,
0.,0.,0.,0.,1.,0.,1.,0.,0.,0.,1.,0.,0.,0.,0.,0.,0.,0.,1.,0.,0.,1.,0.,0.,1.,0.,0.,-24.453693142657,
0.,0.,0.,0.,1.,0.,1.,0.,0.,0.,1.,0.,0.,0.,0.,0.,0.,0.,0.,1.,1.,0.,0.,1.,0.,0.,0.,-10.839762812626,
0.,0.,0.,0.,1.,0.,1.,0.,0.,0.,0.,1.,0.,0.,0.,0.,0.,0.,1.,0.,0.,1.,0.,1.,0.,0.,0.,-23.979919790277,
0.,0.,0.,0.,1.,0.,1.,0.,0.,0.,0.,1.,0.,0.,0.,0.,0.,0.,0.,1.,1.,0.,0.,1.,0.,0.,0.,-25.761528208781,
0.,0.,0.,0.,1.,0.,1.,0.,0.,0.,0.,0.,1.,0.,0.,1.,0.,0.,0.,0.,1.,0.,0.,1.,0.,0.,0.,-16.200181041203,
0.,0.,0.,0.,1.,0.,1.,0.,0.,0.,0.,0.,1.,0.,0.,1.,0.,0.,0.,0.,0.,1.,0.,1.,0.,0.,0.,-24.857137778986,
0.,0.,0.,0.,1.,0.,1.,0.,0.,0.,0.,0.,1.,0.,0.,0.,0.,0.,1.,0.,0.,1.,0.,1.,0.,0.,0.,-19.035260588812,
0.,0.,0.,0.,1.,0.,1.,0.,0.,0.,0.,0.,0.,1.,0.,1.,0.,0.,0.,0.,0.,1.,0.,1.,0.,0.,0.,-12.746428902281,
0.,0.,0.,0.,1.,0.,1.,0.,0.,0.,0.,0.,0.,1.,0.,1.,0.,0.,0.,0.,0.,1.,0.,0.,1.,0.,0.,-16.514522026192,
0.,0.,0.,0.,1.,0.,1.,0.,0.,0.,0.,0.,0.,1.,0.,1.,0.,0.,0.,0.,0.,0.,1.,0.,1.,0.,0.,-20.083482398043,
0.,0.,0.,0.,1.,0.,1.,0.,0.,0.,0.,0.,0.,1.,0.,0.,0.,1.,0.,0.,1.,0.,0.,1.,0.,0.,0.,-18.159951859655,
0.,0.,0.,0.,1.,0.,1.,0.,0.,0.,0.,0.,0.,1.,0.,0.,0.,1.,0.,0.,0.,0.,1.,1.,0.,0.,0.,-27.550162093099,
0.,0.,0.,0.,1.,0.,1.,0.,0.,0.,0.,0.,0.,1.,0.,0.,0.,0.,1.,0.,1.,0.,0.,1.,0.,0.,0.,-8.5665060649437,
0.,0.,0.,0.,1.,0.,1.,0.,0.,0.,0.,0.,0.,1.,0.,0.,0.,0.,1.,0.,0.,1.,0.,1.,0.,0.,0.,-16.122838125416,
0.,0.,0.,0.,1.,0.,1.,0.,0.,0.,0.,0.,0.,1.,0.,0.,0.,0.,1.,0.,0.,1.,0.,0.,1.,0.,0.,-18.963727399737,
0.,0.,0.,0.,1.,0.,1.,0.,0.,0.,0.,0.,0.,1.,0.,0.,0.,0.,0.,1.,0.,0.,1.,1.,0.,0.,0.,-22.545492617283,
0.,0.,0.,0.,1.,0.,1.,0.,0.,0.,0.,0.,0.,0.,1.,1.,0.,0.,0.,0.,1.,0.,0.,1.,0.,0.,0.,-11.441853575928,
0.,0.,0.,0.,1.,0.,1.,0.,0.,0.,0.,0.,0.,0.,1.,1.,0.,0.,0.,0.,0.,1.,0.,1.,0.,0.,0.,-14.817102080025,
0.,0.,0.,0.,1.,0.,1.,0.,0.,0.,0.,0.,0.,0.,1.,1.,0.,0.,0.,0.,0.,1.,0.,0.,1.,0.,0.,-15.463257005492,
0.,0.,0.,0.,1.,0.,1.,0.,0.,0.,0.,0.,0.,0.,1.,1.,0.,0.,0.,0.,0.,0.,1.,0.,1.,0.,0.,-21.581467599432,
0.,0.,0.,0.,1.,0.,1.,0.,0.,0.,0.,0.,0.,0.,1.,0.,0.,0.,1.,0.,1.,0.,0.,1.,0.,0.,0.,-10.632270396778,
0.,0.,0.,0.,1.,0.,1.,0.,0.,0.,0.,0.,0.,0.,1.,0.,0.,0.,1.,0.,0.,1.,0.,1.,0.,0.,0.,-16.773114762778,
0.,0.,0.,0.,1.,0.,1.,0.,0.,0.,0.,0.,0.,0.,1.,0.,0.,0.,0.,1.,1.,0.,0.,1.,0.,0.,0.,-11.516803429802,
0.,0.,0.,0.,1.,0.,0.,1.,0.,0.,1.,0.,0.,0.,0.,1.,0.,0.,0.,0.,0.,1.,0.,0.,1.,0.,0.,-16.221991312006,
0.,0.,0.,0.,1.,0.,0.,1.,0.,0.,1.,0.,0.,0.,0.,1.,0.,0.,0.,0.,0.,1.,0.,0.,0.,1.,0.,4.48271879449367,
0.,0.,0.,0.,1.,0.,0.,1.,0.,0.,1.,0.,0.,0.,0.,0.,1.,0.,0.,0.,0.,1.,0.,1.,0.,0.,0.,-25.214086991461,
0.,0.,0.,0.,1.,0.,0.,1.,0.,0.,1.,0.,0.,0.,0.,0.,1.,0.,0.,0.,0.,1.,0.,0.,1.,0.,0.,-32.494588356427,
0.,0.,0.,0.,1.,0.,0.,1.,0.,0.,1.,0.,0.,0.,0.,0.,0.,1.,0.,0.,1.,0.,0.,1.,0.,0.,0.,-17.405515674135,
0.,0.,0.,0.,1.,0.,0.,1.,0.,0.,1.,0.,0.,0.,0.,0.,0.,1.,0.,0.,1.,0.,0.,0.,1.,0.,0.,-22.862114421127,
0.,0.,0.,0.,1.,0.,0.,1.,0.,0.,1.,0.,0.,0.,0.,0.,0.,1.,0.,0.,0.,0.,1.,1.,0.,0.,0.,-22.520522545842,
0.,0.,0.,0.,1.,0.,0.,1.,0.,0.,1.,0.,0.,0.,0.,0.,0.,0.,1.,0.,0.,1.,0.,1.,0.,0.,0.,-12.707943213659,
0.,0.,0.,0.,1.,0.,0.,1.,0.,0.,1.,0.,0.,0.,0.,0.,0.,0.,0.,1.,0.,1.,0.,0.,1.,0.,0.,-19.823120890524,
0.,0.,0.,0.,1.,0.,0.,1.,0.,0.,0.,1.,0.,0.,0.,1.,0.,0.,0.,0.,0.,0.,1.,1.,0.,0.,0.,-32.366125795847,
0.,0.,0.,0.,1.,0.,0.,1.,0.,0.,0.,1.,0.,0.,0.,0.,0.,0.,1.,0.,0.,1.,0.,0.,1.,0.,0.,-24.252932755547,
0.,0.,0.,0.,1.,0.,0.,1.,0.,0.,0.,1.,0.,0.,0.,0.,0.,0.,0.,1.,1.,0.,0.,1.,0.,0.,0.,-20.263618343077,
0.,0.,0.,0.,1.,0.,0.,1.,0.,0.,0.,0.,1.,0.,0.,1.,0.,0.,0.,0.,1.,0.,0.,1.,0.,0.,0.,-19.898482415341,
0.,0.,0.,0.,1.,0.,0.,1.,0.,0.,0.,0.,1.,0.,0.,1.,0.,0.,0.,0.,0.,0.,1.,0.,0.,1.,0.,4.47328209933897,
0.,0.,0.,0.,1.,0.,0.,1.,0.,0.,0.,0.,1.,0.,0.,0.,0.,1.,0.,0.,0.,0.,1.,0.,0.,1.,0.,-2.4042507263135,
0.,0.,0.,0.,1.,0.,0.,1.,0.,0.,0.,0.,1.,0.,0.,0.,0.,0.,1.,0.,0.,1.,0.,1.,0.,0.,0.,-16.870475382642,
0.,0.,0.,0.,1.,0.,0.,1.,0.,0.,0.,0.,1.,0.,0.,0.,0.,0.,1.,0.,0.,1.,0.,0.,1.,0.,0.,-21.259075779446,
0.,0.,0.,0.,1.,0.,0.,1.,0.,0.,0.,0.,1.,0.,0.,0.,0.,0.,1.,0.,0.,0.,1.,1.,0.,0.,0.,-17.837970007024,
0.,0.,0.,0.,1.,0.,0.,1.,0.,0.,0.,0.,1.,0.,0.,0.,0.,0.,1.,0.,0.,0.,1.,0.,1.,0.,0.,-22.790977457490,
0.,0.,0.,0.,1.,0.,0.,1.,0.,0.,0.,0.,1.,0.,0.,0.,0.,0.,0.,1.,0.,1.,0.,1.,0.,0.,0.,-21.517292074468,
0.,0.,0.,0.,1.,0.,0.,1.,0.,0.,0.,0.,1.,0.,0.,0.,0.,0.,0.,1.,0.,0.,1.,0.,0.,1.,0.,-0.7927965259437,
0.,0.,0.,0.,1.,0.,0.,1.,0.,0.,0.,0.,0.,1.,0.,1.,0.,0.,0.,0.,0.,1.,0.,1.,0.,0.,0.,-12.460131034743,
0.,0.,0.,0.,1.,0.,0.,1.,0.,0.,0.,0.,0.,1.,0.,1.,0.,0.,0.,0.,0.,1.,0.,0.,1.,0.,0.,-17.063372360138,
0.,0.,0.,0.,1.,0.,0.,1.,0.,0.,0.,0.,0.,1.,0.,0.,0.,1.,0.,0.,1.,0.,0.,1.,0.,0.,0.,-17.661228318192,
0.,0.,0.,0.,1.,0.,0.,1.,0.,0.,0.,0.,0.,1.,0.,0.,0.,0.,1.,0.,0.,1.,0.,0.,1.,0.,0.,-17.263739224936,
0.,0.,0.,0.,1.,0.,0.,1.,0.,0.,0.,0.,0.,1.,0.,0.,0.,0.,0.,1.,1.,0.,0.,1.,0.,0.,0.,-9.1352660333406,
0.,0.,0.,0.,1.,0.,0.,1.,0.,0.,0.,0.,0.,1.,0.,0.,0.,0.,0.,1.,0.,0.,1.,1.,0.,0.,0.,-21.511053674110,
0.,0.,0.,0.,1.,0.,0.,1.,0.,0.,0.,0.,0.,1.,0.,0.,0.,0.,0.,1.,0.,0.,1.,0.,1.,0.,0.,-23.856285269125,
0.,0.,0.,0.,1.,0.,0.,1.,0.,0.,0.,0.,0.,0.,1.,1.,0.,0.,0.,0.,1.,0.,0.,1.,0.,0.,0.,-7.8065981359290,
0.,0.,0.,0.,1.,0.,0.,1.,0.,0.,0.,0.,0.,0.,1.,1.,0.,0.,0.,0.,0.,1.,0.,1.,0.,0.,0.,-12.719512974118,
0.,0.,0.,0.,1.,0.,0.,1.,0.,0.,0.,0.,0.,0.,1.,1.,0.,0.,0.,0.,0.,1.,0.,0.,0.,1.,0.,6.96856019206958,
0.,0.,0.,0.,1.,0.,0.,1.,0.,0.,0.,0.,0.,0.,1.,1.,0.,0.,0.,0.,0.,0.,1.,1.,0.,0.,0.,-36.554231641395,
0.,0.,0.,0.,1.,0.,0.,1.,0.,0.,0.,0.,0.,0.,1.,1.,0.,0.,0.,0.,0.,0.,1.,0.,1.,0.,0.,-22.510588348180,
0.,0.,0.,0.,1.,0.,0.,1.,0.,0.,0.,0.,0.,0.,1.,0.,0.,1.,0.,0.,1.,0.,0.,1.,0.,0.,0.,-19.067094082678,
0.,0.,0.,0.,1.,0.,0.,1.,0.,0.,0.,0.,0.,0.,1.,0.,0.,1.,0.,0.,0.,1.,0.,0.,1.,0.,0.,-25.429404868689,
0.,0.,0.,0.,1.,0.,0.,1.,0.,0.,0.,0.,0.,0.,1.,0.,0.,0.,1.,0.,1.,0.,0.,1.,0.,0.,0.,-8.2716121071924,
0.,0.,0.,0.,1.,0.,0.,1.,0.,0.,0.,0.,0.,0.,1.,0.,0.,0.,1.,0.,0.,1.,0.,1.,0.,0.,0.,-15.876902271737,
0.,0.,0.,0.,1.,0.,0.,1.,0.,0.,0.,0.,0.,0.,1.,0.,0.,0.,0.,1.,0.,1.,0.,1.,0.,0.,0.,-18.821001702009,
0.,0.,0.,0.,1.,0.,0.,1.,0.,0.,0.,0.,0.,0.,1.,0.,0.,0.,0.,1.,0.,1.,0.,0.,0.,1.,0.,14.5007021728886,
0.,0.,0.,0.,1.,0.,0.,1.,0.,0.,0.,0.,0.,0.,1.,0.,0.,0.,0.,1.,0.,0.,1.,0.,1.,0.,0.,-22.118494989412,
0.,0.,0.,0.,1.,0.,0.,0.,1.,0.,1.,0.,0.,0.,0.,1.,0.,0.,0.,0.,1.,0.,0.,1.,0.,0.,0.,4.30161958275135,
0.,0.,0.,0.,1.,0.,0.,0.,1.,0.,1.,0.,0.,0.,0.,1.,0.,0.,0.,0.,0.,0.,1.,1.,0.,0.,0.,-9.3825243018447,
0.,0.,0.,0.,1.,0.,0.,0.,1.,0.,1.,0.,0.,0.,0.,0.,0.,1.,0.,0.,1.,0.,0.,1.,0.,0.,0.,-20.971727969367,
0.,0.,0.,0.,1.,0.,0.,0.,1.,0.,1.,0.,0.,0.,0.,0.,0.,1.,0.,0.,0.,1.,0.,1.,0.,0.,0.,-22.604942461539,
0.,0.,0.,0.,1.,0.,0.,0.,1.,0.,1.,0.,0.,0.,0.,0.,0.,1.,0.,0.,0.,0.,1.,1.,0.,0.,0.,-23.413169543626,
0.,0.,0.,0.,1.,0.,0.,0.,1.,0.,1.,0.,0.,0.,0.,0.,0.,0.,1.,0.,0.,1.,0.,1.,0.,0.,0.,-15.711483283891,
0.,0.,0.,0.,1.,0.,0.,0.,1.,0.,1.,0.,0.,0.,0.,0.,0.,0.,1.,0.,0.,1.,0.,0.,1.,0.,0.,-20.538706944629,
0.,0.,0.,0.,1.,0.,0.,0.,1.,0.,1.,0.,0.,0.,0.,0.,0.,0.,1.,0.,0.,0.,1.,1.,0.,0.,0.,-20.442081810256,
0.,0.,0.,0.,1.,0.,0.,0.,1.,0.,1.,0.,0.,0.,0.,0.,0.,0.,1.,0.,0.,0.,1.,0.,1.,0.,0.,-24.914929355790,
0.,0.,0.,0.,1.,0.,0.,0.,1.,0.,1.,0.,0.,0.,0.,0.,0.,0.,0.,1.,1.,0.,0.,1.,0.,0.,0.,-3.6289245274521,
0.,0.,0.,0.,1.,0.,0.,0.,1.,0.,1.,0.,0.,0.,0.,0.,0.,0.,0.,1.,0.,1.,0.,1.,0.,0.,0.,-19.218901440238,
0.,0.,0.,0.,1.,0.,0.,0.,1.,0.,1.,0.,0.,0.,0.,0.,0.,0.,0.,1.,0.,1.,0.,0.,1.,0.,0.,-22.937451865255,
0.,0.,0.,0.,1.,0.,0.,0.,1.,0.,0.,1.,0.,0.,0.,1.,0.,0.,0.,0.,1.,0.,0.,1.,0.,0.,0.,-24.324471896656,
0.,0.,0.,0.,1.,0.,0.,0.,1.,0.,0.,1.,0.,0.,0.,0.,0.,0.,0.,1.,0.,1.,0.,1.,0.,0.,0.,-25.591751146391,
0.,0.,0.,0.,1.,0.,0.,0.,1.,0.,0.,0.,1.,0.,0.,1.,0.,0.,0.,0.,0.,1.,0.,1.,0.,0.,0.,-23.088825334287,
0.,0.,0.,0.,1.,0.,0.,0.,1.,0.,0.,0.,1.,0.,0.,1.,0.,0.,0.,0.,0.,0.,1.,1.,0.,0.,0.,-23.985866118104,
0.,0.,0.,0.,1.,0.,0.,0.,1.,0.,0.,0.,1.,0.,0.,0.,0.,0.,1.,0.,1.,0.,0.,1.,0.,0.,0.,-19.552078189686,
0.,0.,0.,0.,1.,0.,0.,0.,1.,0.,0.,0.,1.,0.,0.,0.,0.,0.,1.,0.,0.,0.,1.,1.,0.,0.,0.,-24.015711966237,
0.,0.,0.,0.,1.,0.,0.,0.,1.,0.,0.,0.,0.,1.,0.,1.,0.,0.,0.,0.,0.,1.,0.,1.,0.,0.,0.,-6.8224966070204,
0.,0.,0.,0.,1.,0.,0.,0.,1.,0.,0.,0.,0.,1.,0.,1.,0.,0.,0.,0.,0.,1.,0.,0.,1.,0.,0.,-10.590678267477,
0.,0.,0.,0.,1.,0.,0.,0.,1.,0.,0.,0.,0.,1.,0.,0.,0.,1.,0.,0.,0.,1.,0.,1.,0.,0.,0.,-23.299247850629,
0.,0.,0.,0.,1.,0.,0.,0.,1.,0.,0.,0.,0.,1.,0.,0.,0.,0.,1.,0.,1.,0.,0.,1.,0.,0.,0.,-5.9836193737199,
0.,0.,0.,0.,1.,0.,0.,0.,1.,0.,0.,0.,0.,1.,0.,0.,0.,0.,1.,0.,0.,1.,0.,0.,1.,0.,0.,-20.247632863109,
0.,0.,0.,0.,1.,0.,0.,0.,1.,0.,0.,0.,0.,1.,0.,0.,0.,0.,1.,0.,0.,0.,1.,1.,0.,0.,0.,-21.666197383658,
0.,0.,0.,0.,1.,0.,0.,0.,1.,0.,0.,0.,0.,1.,0.,0.,0.,0.,0.,1.,1.,0.,0.,1.,0.,0.,0.,-9.0939148938755,
0.,0.,0.,0.,1.,0.,0.,0.,1.,0.,0.,0.,0.,1.,0.,0.,0.,0.,0.,1.,0.,1.,0.,1.,0.,0.,0.,-20.671975439803,
0.,0.,0.,0.,1.,0.,0.,0.,1.,0.,0.,0.,0.,1.,0.,0.,0.,0.,0.,1.,0.,1.,0.,0.,1.,0.,0.,-23.032431990767,
0.,0.,0.,0.,1.,0.,0.,0.,1.,0.,0.,0.,0.,1.,0.,0.,0.,0.,0.,1.,0.,0.,1.,1.,0.,0.,0.,-23.830003565933,
0.,0.,0.,0.,1.,0.,0.,0.,1.,0.,0.,0.,0.,1.,0.,0.,0.,0.,0.,1.,0.,0.,1.,0.,1.,0.,0.,-25.795886704779,
0.,0.,0.,0.,1.,0.,0.,0.,1.,0.,0.,0.,0.,0.,1.,1.,0.,0.,0.,0.,0.,1.,0.,1.,0.,0.,0.,-18.138198571145,
0.,0.,0.,0.,1.,0.,0.,0.,1.,0.,0.,0.,0.,0.,1.,1.,0.,0.,0.,0.,0.,1.,0.,0.,1.,0.,0.,-22.602111431477,
0.,0.,0.,0.,1.,0.,0.,0.,1.,0.,0.,0.,0.,0.,1.,1.,0.,0.,0.,0.,0.,0.,1.,0.,1.,0.,0.,-26.142910369720,
0.,0.,0.,0.,1.,0.,0.,0.,1.,0.,0.,0.,0.,0.,1.,0.,1.,0.,0.,0.,0.,0.,1.,0.,1.,0.,0.,-33.463037409906,
0.,0.,0.,0.,1.,0.,0.,0.,1.,0.,0.,0.,0.,0.,1.,0.,0.,1.,0.,0.,0.,1.,0.,1.,0.,0.,0.,-21.030170577697,
0.,0.,0.,0.,1.,0.,0.,0.,1.,0.,0.,0.,0.,0.,1.,0.,0.,0.,1.,0.,1.,0.,0.,1.,0.,0.,0.,-2.2265283028652,
0.,0.,0.,0.,1.,0.,0.,0.,1.,0.,0.,0.,0.,0.,1.,0.,0.,0.,1.,0.,0.,1.,0.,1.,0.,0.,0.,-17.924489676466,
0.,0.,0.,0.,1.,0.,0.,0.,1.,0.,0.,0.,0.,0.,1.,0.,0.,0.,0.,1.,1.,0.,0.,1.,0.,0.,0.,-14.447287680504,
0.,0.,0.,0.,1.,0.,0.,0.,1.,0.,0.,0.,0.,0.,1.,0.,0.,0.,0.,1.,0.,1.,0.,1.,0.,0.,0.,-27.010648584267,
0.,0.,0.,0.,1.,0.,0.,0.,1.,0.,0.,0.,0.,0.,1.,0.,0.,0.,0.,1.,0.,1.,0.,0.,1.,0.,0.,-29.098958156112,
0.,0.,0.,0.,1.,0.,0.,0.,0.,1.,1.,0.,0.,0.,0.,1.,0.,0.,0.,0.,1.,0.,0.,1.,0.,0.,0.,-0.9487982220558,
0.,0.,0.,0.,1.,0.,0.,0.,0.,1.,1.,0.,0.,0.,0.,1.,0.,0.,0.,0.,0.,1.,0.,1.,0.,0.,0.,-48.219300689026,
0.,0.,0.,0.,1.,0.,0.,0.,0.,1.,1.,0.,0.,0.,0.,1.,0.,0.,0.,0.,0.,0.,1.,0.,1.,0.,0.,-66.271365055529,
0.,0.,0.,0.,1.,0.,0.,0.,0.,1.,1.,0.,0.,0.,0.,0.,1.,0.,0.,0.,1.,0.,0.,1.,0.,0.,0.,-26.281954873128,
0.,0.,0.,0.,1.,0.,0.,0.,0.,1.,0.,1.,0.,0.,0.,0.,0.,0.,1.,0.,1.,0.,0.,1.,0.,0.,0.,-26.845253617434,
0.,0.,0.,0.,1.,0.,0.,0.,0.,1.,0.,0.,1.,0.,0.,1.,0.,0.,0.,0.,1.,0.,0.,1.,0.,0.,0.,-22.809385328651,
0.,0.,0.,0.,1.,0.,0.,0.,0.,1.,0.,0.,1.,0.,0.,1.,0.,0.,0.,0.,0.,0.,1.,1.,0.,0.,0.,-25.450092468778,
0.,0.,0.,0.,1.,0.,0.,0.,0.,1.,0.,0.,1.,0.,0.,0.,0.,0.,1.,0.,0.,1.,0.,1.,0.,0.,0.,-28.315752886089,
0.,0.,0.,0.,1.,0.,0.,0.,0.,1.,0.,0.,0.,1.,0.,1.,0.,0.,0.,0.,1.,0.,0.,1.,0.,0.,0.,-9.0742241503121,
0.,0.,0.,0.,1.,0.,0.,0.,0.,1.,0.,0.,0.,1.,0.,0.,0.,1.,0.,0.,1.,0.,0.,1.,0.,0.,0.,-21.779629958502,
0.,0.,0.,0.,1.,0.,0.,0.,0.,1.,0.,0.,0.,1.,0.,0.,0.,1.,0.,0.,0.,1.,0.,1.,0.,0.,0.,-26.012267476914,
0.,0.,0.,0.,1.,0.,0.,0.,0.,1.,0.,0.,0.,1.,0.,0.,0.,0.,1.,0.,1.,0.,0.,1.,0.,0.,0.,-9.2654479761512,
0.,0.,0.,0.,1.,0.,0.,0.,0.,1.,0.,0.,0.,1.,0.,0.,0.,0.,0.,1.,1.,0.,0.,1.,0.,0.,0.,-8.1390443067613,
0.,0.,0.,0.,1.,0.,0.,0.,0.,1.,0.,0.,0.,0.,1.,0.,0.,0.,1.,0.,1.,0.,0.,1.,0.,0.,0.,-10.618244303713,
0.,0.,0.,0.,1.,0.,0.,0.,0.,1.,0.,0.,0.,0.,1.,0.,0.,0.,1.,0.,0.,0.,1.,1.,0.,0.,0.,-41.162212820592,
